0 0.000400 0.130304 100.000000 11.627907
0 0.000446 0.045259 200.000000 12.048193
0 0.000385 0.094463 300.000000 10.273973
0 0.000711 0.055053 400.000000 10.282776
0 0.000587 0.082816 500.000000 10.330579
0 0.000453 0.101525 600.000000 10.771993
0 0.000348 0.122256 700.000000 11.128776
0 0.000550 0.117497 800.000000 10.796222
10 0.000370 0.127495 100.000000 11.627907
10 0.000495 0.043703 200.000000 12.048193
10 0.000739 0.090251 300.000000 9.771987
10 0.000709 0.062647 400.000000 10.335917
10 0.000555 0.092660 500.000000 10.309278
10 0.000431 0.108683 600.000000 10.791367
10 0.000340 0.124513 700.000000 11.146497
10 0.000535 0.109922 800.000000 10.796222
20 0.000292 0.089013 100.000000 11.764706
20 0.000502 0.032128 200.000000 11.904762
20 0.000904 0.072460 300.000000 9.615385
20 0.000749 0.060268 400.000000 10.362695
20 0.000564 0.095606 500.000000 10.330579
20 0.000444 0.114829 600.000000 10.830325
20 0.000354 0.131261 700.000000 11.164274
20 0.000551 0.106961 800.000000 10.810811
30 0.000262 0.029020 100.000000 11.764706
30 0.000551 0.015857 200.000000 11.494253
30 0.000944 0.061785 300.000000 9.615385
30 0.000761 0.063416 400.000000 10.416667
30 0.000563 0.100195 500.000000 10.373444
30 0.000442 0.121136 600.000000 10.849910
30 0.000355 0.136739 700.000000 11.164274
30 0.000549 0.100779 800.000000 10.825439
40 0.000343 0.009226 100.000000 11.904762
40 0.000540 0.015332 200.000000 11.049724
40 0.000926 0.053834 300.000000 9.615385
40 0.000729 0.073894 400.000000 10.443864
40 0.000563 0.104944 500.000000 10.416667
40 0.000437 0.126853 600.000000 10.889292
40 0.000353 0.142271 700.000000 11.164274
40 0.000553 0.095789 800.000000 10.854816
50 0.000414 0.003235 100.000000 11.904762
50 0.000563 0.019214 200.000000 10.752688
50 0.000916 0.056006 300.000000 9.646302
50 0.000738 0.080766 400.000000 10.416667
50 0.000556 0.110866 500.000000 10.438414
50 0.000425 0.132044 600.000000 10.909091
50 0.000359 0.144074 700.000000 11.093502
50 0.000543 0.088987 800.000000 10.884354
60 0.000427 0.044543 100.000000 12.048193
60 0.000561 0.022784 200.000000 10.526316
60 0.000922 0.053804 300.000000 9.708738
60 0.000748 0.090372 400.000000 10.282776
60 0.000559 0.118907 500.000000 10.482181
60 0.000425 0.140133 600.000000 10.948905
60 0.000472 0.151726 700.000000 10.869565
60 0.000552 0.086309 800.000000 10.914052
70 0.000496 0.055305 100.000000 12.048193
70 0.000562 0.027607 200.000000 10.309278
70 0.000907 0.059864 300.000000 9.740260
70 0.000772 0.095163 400.000000 10.126582
70 0.000553 0.122130 500.000000 10.526316
70 0.000419 0.144713 600.000000 10.968922
70 0.000619 0.150657 700.000000 10.719755
70 0.000550 0.080515 800.000000 10.943913
80 0.000633 0.051528 100.000000 12.195122
80 0.000518 0.042853 200.000000 9.900990
80 0.000905 0.064872 300.000000 9.803922
80 0.000716 0.104249 400.000000 10.025063
80 0.000536 0.125046 500.000000 10.570825
80 0.000408 0.147333 600.000000 11.009174
80 0.000622 0.140589 700.000000 10.654490
80 0.000542 0.073387 800.000000 10.973937
90 0.000635 0.042351 100.000000 12.195122
90 0.000581 0.067893 200.000000 9.174312
90 0.000935 0.072068 300.000000 9.868421
90 0.000736 0.110930 400.000000 10.000000
90 0.000539 0.135445 500.000000 10.593221
90 0.000415 0.154686 600.000000 11.029411
90 0.000635 0.137096 700.000000 10.654490
90 0.000542 0.068332 800.000000 11.004127
100 0.000673 0.033119 100.000000 12.048193
100 0.001211 0.061064 200.000000 8.810573
100 0.000958 0.079067 300.000000 9.933775
100 0.000704 0.120595 400.000000 10.000000
100 0.000530 0.143162 500.000000 10.615711
100 0.000417 0.158511 600.000000 11.049724
100 0.000633 0.129688 700.000000 10.654490
100 0.000543 0.062330 800.000000 11.019283
110 0.000931 0.022332 100.000000 11.363636
110 0.001299 0.074375 200.000000 8.733624
110 0.000970 0.084279 300.000000 9.966778
110 0.000678 0.123698 400.000000 10.025063
110 0.000514 0.142984 500.000000 10.638298
110 0.000402 0.157790 600.000000 11.049724
110 0.000621 0.117135 700.000000 10.670732
110 0.000531 0.052011 800.000000 11.034483
120 0.000775 0.014116 100.000000 10.416667
120 0.001351 0.078783 200.000000 8.733624
120 0.000957 0.097321 300.000000 10.000000
120 0.000690 0.133739 400.000000 10.050251
120 0.000521 0.154787 500.000000 10.660981
120 0.000422 0.167768 600.000000 11.029411
120 0.000647 0.115227 700.000000 10.703364
120 0.000543 0.047488 800.000000 11.049724
130 0.000741 0.015925 100.000000 9.803922
130 0.001282 0.072597 200.000000 8.771930
130 0.000941 0.105261 300.000000 9.966778
130 0.000679 0.137566 400.000000 10.075566
130 0.000505 0.159063 500.000000 10.683761
130 0.000408 0.171166 600.000000 10.968922
130 0.000634 0.104740 700.000000 10.719755
130 0.000536 0.039906 800.000000 11.049724
140 0.000736 0.015628 100.000000 9.345795
140 0.001317 0.082780 200.000000 8.771930
140 0.000977 0.114427 300.000000 9.803922
140 0.000693 0.146003 400.000000 10.126582
140 0.000515 0.167246 500.000000 10.706638
140 0.000582 0.176104 600.000000 10.733453
140 0.000651 0.099807 700.000000 10.752688
140 0.000539 0.033726 800.000000 11.065007
150 0.000663 0.033850 100.000000 8.928572
150 0.001323 0.089124 200.000000 8.810573
150 0.001018 0.125028 300.000000 9.584664
150 0.000698 0.156904 400.000000 10.152285
150 0.000524 0.177021 500.000000 10.729613
150 0.000746 0.182554 600.000000 10.507881
150 0.000657 0.094030 700.000000 10.769231
150 0.000536 0.026783 800.000000 11.065007
160 0.000479 0.070021 100.000000 8.264462
160 0.001341 0.093499 200.000000 8.849558
160 0.000962 0.140053 300.000000 9.404388
160 0.000700 0.161221 400.000000 10.178117
160 0.000523 0.184212 500.000000 10.752688
160 0.000777 0.173579 600.000000 10.416667
160 0.000656 0.087532 700.000000 10.802469
160 0.000541 0.021912 800.000000 11.065007
170 0.000798 0.153598 100.000000 7.299270
170 0.001369 0.103054 200.000000 8.928572
170 0.000983 0.150070 300.000000 9.375000
170 0.000701 0.174506 400.000000 10.204082
170 0.000533 0.193947 500.000000 10.775862
170 0.000789 0.168135 600.000000 10.398614
170 0.000656 0.080343 700.000000 10.819165
170 0.000548 0.016155 800.000000 11.080333
180 0.002211 0.129144 100.000000 6.896552
180 0.001423 0.112805 200.000000 9.049774
180 0.000962 0.164471 300.000000 9.404388
180 0.000702 0.187003 400.000000 10.256411
180 0.000548 0.202363 500.000000 10.822511
180 0.000795 0.162636 600.000000 10.416667
180 0.000663 0.075123 700.000000 10.852714
180 0.000563 0.012306 800.000000 11.080333
190 0.002713 0.130359 100.000000 6.896552
190 0.001533 0.129995 200.000000 9.174312
190 0.001001 0.183690 300.000000 9.493670
190 0.000743 0.203367 400.000000 10.362695
190 0.000586 0.218698 500.000000 10.893247
190 0.000823 0.165339 600.000000 10.471204
190 0.000683 0.075665 700.000000 10.920437
190 0.000588 0.009812 800.000000 11.095700
200 0.002855 0.137981 100.000000 7.092198
200 0.001595 0.142100 200.000000 9.389671
200 0.001042 0.193540 300.000000 9.646302
200 0.000762 0.216033 400.000000 10.471204
200 0.000604 0.229432 500.000000 10.989011
200 0.000839 0.164705 600.000000 10.563380
200 0.000699 0.073011 700.000000 10.989011
200 0.000593 0.006430 800.000000 11.142061
210 0.002897 0.149023 100.000000 7.299270
210 0.001606 0.153942 200.000000 9.615385
210 0.001050 0.202282 300.000000 9.803922
210 0.000767 0.223586 400.000000 10.610080
210 0.000618 0.234852 500.000000 11.086474
210 0.000854 0.162168 600.000000 10.676157
210 0.000700 0.069127 700.000000 11.075950
210 0.000591 0.004427 800.000000 11.204482
220 0.002859 0.134568 100.000000 7.575758
220 0.001569 0.169424 200.000000 9.803922
220 0.001054 0.207879 300.000000 9.966778
220 0.000763 0.229412 400.000000 10.752688
220 0.000611 0.240682 500.000000 11.160714
220 0.000848 0.155845 600.000000 10.771993
220 0.000695 0.064274 700.000000 11.164274
220 0.000589 0.006579 800.000000 11.267606
230 0.002814 0.126544 100.000000 7.812500
230 0.001580 0.179037 200.000000 10.000000
230 0.001044 0.214388 300.000000 10.135135
230 0.000755 0.234322 400.000000 10.899182
230 0.000596 0.245239 500.000000 11.210762
230 0.000836 0.149436 600.000000 10.869565
230 0.000687 0.059798 700.000000 11.235955
230 0.000585 0.013138 800.000000 11.315417
240 0.002781 0.158608 100.000000 8.064516
240 0.001604 0.189209 200.000000 10.050251
240 0.001047 0.222937 300.000000 10.273973
240 0.000758 0.240479 400.000000 11.019283
240 0.000675 0.245257 500.000000 11.135858
240 0.000837 0.142261 600.000000 10.948905
240 0.000689 0.054711 700.000000 11.308562
240 0.000588 0.015107 800.000000 11.363636
250 0.002786 0.164294 100.000000 8.333333
250 0.001570 0.198642 200.000000 10.000000
250 0.001028 0.227083 300.000000 10.416667
250 0.000742 0.243452 400.000000 11.142061
250 0.000877 0.251322 500.000000 10.964912
250 0.000835 0.133855 600.000000 11.029411
250 0.000674 0.046623 700.000000 11.363636
250 0.000577 0.021735 800.000000 11.428572
260 0.002683 0.162513 100.000000 8.620689
260 0.001578 0.201077 200.000000 9.852217
260 0.000990 0.229379 300.000000 10.563380
260 0.000720 0.243098 400.000000 11.267606
260 0.000964 0.242043 500.000000 10.845987
260 0.000823 0.124015 600.000000 11.131725
260 0.000656 0.038087 700.000000 11.437908
260 0.000562 0.029388 800.000000 11.494253
270 0.002688 0.159116 100.000000 8.928572
270 0.001498 0.206072 200.000000 9.900990
270 0.000985 0.223704 300.000000 10.752688
270 0.000711 0.241688 400.000000 11.396011
270 0.000989 0.229028 500.000000 10.869565
270 0.000813 0.114825 600.000000 11.235955
270 0.000649 0.031947 700.000000 11.513158
270 0.000551 0.035312 800.000000 11.577424
280 0.002558 0.136697 100.000000 9.433962
280 0.001402 0.192681 200.000000 10.050251
280 0.000935 0.207041 300.000000 10.989011
280 0.000668 0.228154 400.000000 11.594203
280 0.000957 0.206448 500.000000 10.964912
280 0.000781 0.098365 600.000000 11.342155
280 0.000625 0.023920 700.000000 11.608624
280 0.000510 0.044532 800.000000 11.678832
290 0.002250 0.146549 100.000000 10.101010
290 0.001239 0.161581 200.000000 10.309278
290 0.000801 0.175943 300.000000 11.235955
290 0.000558 0.197580 400.000000 11.834319
290 0.000860 0.169722 500.000000 11.086474
290 0.000695 0.079502 600.000000 11.494253
290 0.000555 0.030900 700.000000 11.725293
290 0.000445 0.061650 800.000000 11.782032
300 0.002440 0.173484 100.000000 10.869565
300 0.001318 0.187867 200.000000 10.638298
300 0.000835 0.204953 300.000000 11.538462
300 0.000590 0.217419 400.000000 12.048193
300 0.000884 0.180519 500.000000 11.235955
300 0.000721 0.086585 600.000000 11.650485
300 0.000581 0.030486 700.000000 11.864407
300 0.000467 0.057564 800.000000 11.904762
310 0.001511 0.129168 100.000000 11.764706
310 0.000891 0.127617 200.000000 10.989011
310 0.000603 0.153933 300.000000 11.857708
310 0.000467 0.163519 400.000000 12.307693
310 0.000775 0.129781 500.000000 11.389522
310 0.000609 0.061118 600.000000 11.811024
310 0.000483 0.041305 700.000000 11.986301
310 0.000367 0.070768 800.000000 12.030075
320 0.000911 0.107194 100.000000 12.500000
320 0.000598 0.087916 200.000000 11.299435
320 0.000455 0.116684 300.000000 12.096774
320 0.000398 0.127948 400.000000 12.500000
320 0.000695 0.093554 500.000000 11.520738
320 0.000544 0.055004 600.000000 11.928430
320 0.000426 0.055648 700.000000 12.068966
320 0.000301 0.080486 800.000000 12.121212
330 0.000698 0.105587 100.000000 13.157895
330 0.000455 0.076537 200.000000 11.494253
330 0.000377 0.100807 300.000000 12.295082
330 0.000368 0.111175 400.000000 12.618297
330 0.000635 0.076917 500.000000 11.627907
330 0.000492 0.059161 600.000000 12.024048
330 0.000386 0.064323 700.000000 12.110726
330 0.000270 0.084427 800.000000 12.195122
340 0.000525 0.122437 100.000000 13.698630
340 0.000387 0.072718 200.000000 11.695907
340 0.000330 0.097219 300.000000 12.396694
340 0.000346 0.105659 400.000000 12.658228
340 0.000588 0.072982 500.000000 11.682243
340 0.000441 0.067261 600.000000 12.072434
340 0.000346 0.072609 700.000000 12.110726
340 0.000236 0.086977 800.000000 12.232416
350 0.000449 0.110202 100.000000 13.698630
350 0.000376 0.060581 200.000000 11.764706
350 0.000326 0.095097 300.000000 12.448133
350 0.000336 0.103596 400.000000 12.618297
350 0.000592 0.068030 500.000000 11.709601
350 0.000428 0.067013 600.000000 12.072434
350 0.000336 0.077195 700.000000 12.068966
350 0.000235 0.087217 800.000000 12.232416
360 0.000540 0.113909 100.000000 13.333333
360 0.000397 0.071741 200.000000 11.834319
360 0.000357 0.100779 300.000000 12.448133
360 0.000353 0.100349 400.000000 12.383901
360 0.000583 0.065875 500.000000 11.737089
360 0.000428 0.064494 600.000000 12.072434
360 0.000342 0.080353 700.000000 12.048193
360 0.000228 0.089445 800.000000 12.213740
370 0.000511 0.100057 100.000000 12.048193
370 0.000382 0.078679 200.000000 11.834319
370 0.000350 0.104954 300.000000 12.500000
370 0.000568 0.095711 400.000000 11.799410
370 0.000572 0.063620 500.000000 11.764706
370 0.000403 0.065910 600.000000 12.072434
370 0.000323 0.084358 700.000000 12.048193
370 0.000211 0.092467 800.000000 12.066365
380 0.000416 0.047581 100.000000 10.869565
380 0.000370 0.069272 200.000000 11.834319
380 0.000333 0.097182 300.000000 12.448133
380 0.000719 0.075891 400.000000 11.428572
380 0.000551 0.059658 500.000000 11.792453
380 0.000385 0.068314 600.000000 12.048193
380 0.000305 0.086792 700.000000 12.048193
380 0.000213 0.092679 800.000000 11.922503
390 0.000384 0.027371 100.000000 10.309278
390 0.000408 0.064994 200.000000 11.834319
390 0.000347 0.093088 300.000000 12.448133
390 0.000715 0.070773 400.000000 11.299435
390 0.000542 0.058068 500.000000 11.792453
390 0.000397 0.069892 600.000000 12.000000
390 0.000288 0.090654 700.000000 12.048193
390 0.000227 0.092282 800.000000 11.816839
400 0.000356 0.027271 100.000000 10.101010
400 0.000362 0.083666 200.000000 11.764706
400 0.000371 0.096268 300.000000 12.396694
400 0.000696 0.062443 400.000000 11.235955
400 0.000518 0.063084 500.000000 11.764706
400 0.000393 0.072697 600.000000 11.952191
400 0.000268 0.092920 700.000000 12.027492
400 0.000225 0.089957 800.000000 11.713031
410 0.000432 0.018377 100.000000 10.000000
410 0.000377 0.061660 200.000000 11.764706
410 0.000392 0.087866 300.000000 12.295082
410 0.000678 0.058958 400.000000 11.235955
410 0.000481 0.066450 500.000000 11.764706
410 0.000379 0.077603 600.000000 11.857708
410 0.000266 0.091869 700.000000 12.027492
410 0.000217 0.089851 800.000000 11.577424
420 0.000417 0.009321 100.000000 10.101010
420 0.000360 0.078589 200.000000 11.764706
420 0.000367 0.088381 300.000000 12.244898
420 0.000688 0.056831 400.000000 11.267606
420 0.000482 0.068621 500.000000 11.764706
420 0.000367 0.084383 600.000000 11.811024
420 0.000268 0.095087 700.000000 12.027492
430 0.000401 0.018420 100.000000 10.309278
430 0.000371 0.084625 200.000000 11.904762
430 0.000361 0.079562 300.000000 12.096774
430 0.000644 0.060216 400.000000 11.331445
430 0.000457 0.072646 500.000000 11.792453
430 0.000357 0.087535 600.000000 11.811024
430 0.000256 0.096672 700.000000 12.027492
440 0.000408 0.037435 100.000000 10.752688
440 0.000394 0.077054 200.000000 12.195122
440 0.000374 0.103706 300.000000 11.904762
440 0.000630 0.061987 400.000000 11.461318
440 0.000442 0.073809 500.000000 11.876485
440 0.000347 0.090174 600.000000 11.881188
440 0.000247 0.098218 700.000000 12.027492
450 0.000419 0.042204 100.000000 11.363636
450 0.000400 0.097438 200.000000 12.500000
450 0.000854 0.087270 300.000000 11.627907
450 0.000632 0.064353 400.000000 11.627907
450 0.000427 0.075759 500.000000 12.019231
450 0.000337 0.093363 600.000000 11.976048
450 0.000245 0.099249 700.000000 12.048193
460 0.000392 0.104733 100.000000 12.048193
460 0.000406 0.105399 200.000000 12.903226
460 0.000731 0.081640 300.000000 11.583012
460 0.000613 0.073164 400.000000 11.799410
460 0.000401 0.081257 500.000000 12.135922
460 0.000321 0.096653 600.000000 12.096774
460 0.000242 0.098294 700.000000 12.048193
470 0.000492 0.087767 100.000000 12.820513
470 0.000405 0.110797 200.000000 13.333333
470 0.000864 0.076187 300.000000 11.583012
470 0.000625 0.072033 400.000000 11.976048
470 0.000417 0.082883 500.000000 12.254902
470 0.000326 0.098855 600.000000 12.219959
470 0.000247 0.101853 700.000000 12.068966
480 0.000532 0.104892 100.000000 13.333333
480 0.000411 0.118622 200.000000 13.605442
480 0.000858 0.079264 300.000000 11.583012
480 0.000623 0.073360 400.000000 12.121212
480 0.000421 0.084925 500.000000 12.345679
480 0.000310 0.101501 600.000000 12.320329
480 0.000254 0.101372 700.000000 12.048193
490 0.000486 0.157291 100.000000 13.698630
490 0.000416 0.129893 200.000000 13.793103
490 0.000853 0.085414 300.000000 11.627907
490 0.000593 0.078203 400.000000 12.195122
490 0.000429 0.086998 500.000000 12.376238
490 0.000309 0.104706 600.000000 12.371134
490 0.000261 0.100940 700.000000 12.006861
500 0.000390 0.107586 100.000000 13.888889
500 0.000401 0.129893 200.000000 13.793103
500 0.000846 0.072622 300.000000 11.627907
500 0.000599 0.078462 400.000000 12.232416
500 0.000440 0.089976 500.000000 12.345679
500 0.000307 0.107458 600.000000 12.396694
500 0.000260 0.103821 700.000000 11.925042
510 0.000309 0.133508 100.000000 13.888889
510 0.000373 0.124094 200.000000 13.698630
510 0.000808 0.073023 300.000000 11.627907
510 0.000553 0.084158 400.000000 12.232416
510 0.000416 0.093523 500.000000 12.254902
510 0.000296 0.107566 600.000000 12.396694
520 0.000309 0.156088 100.000000 13.888889
520 0.000345 0.131799 200.000000 13.422819
520 0.000796 0.080663 300.000000 11.627907
520 0.000520 0.087368 400.000000 12.195122
520 0.000395 0.100254 500.000000 12.165450
520 0.000292 0.107781 600.000000 12.371134
530 0.000377 0.129449 100.000000 13.698630
530 0.000328 0.124275 200.000000 12.658228
530 0.000762 0.070617 300.000000 11.627907
530 0.000509 0.084739 400.000000 12.158054
530 0.000392 0.103898 500.000000 12.106538
530 0.000278 0.112574 600.000000 12.269938
540 0.000401 0.148092 100.000000 13.698630
540 0.000985 0.086411 200.000000 11.363636
540 0.000775 0.073508 300.000000 11.673152
540 0.000489 0.090922 400.000000 12.121212
540 0.000381 0.110800 500.000000 12.077294
540 0.000283 0.114869 600.000000 12.048193
550 0.000342 0.136373 100.000000 13.698630
550 0.001154 0.070151 200.000000 10.869565
550 0.000734 0.068566 300.000000 11.673152
550 0.000470 0.090271 400.000000 12.084592
550 0.000346 0.110562 500.000000 12.077294
550 0.000284 0.112765 600.000000 11.881188
560 0.000355 0.110380 100.000000 13.698630
560 0.001150 0.052719 200.000000 10.695188
560 0.000716 0.072760 300.000000 11.673152
560 0.000489 0.096396 400.000000 12.048193
560 0.000351 0.115799 500.000000 12.106538
560 0.000304 0.115071 600.000000 11.741683
570 0.000415 0.126618 100.000000 13.513514
570 0.001164 0.051206 200.000000 10.638298
570 0.000736 0.082501 300.000000 11.718750
570 0.000519 0.103731 400.000000 11.976048
570 0.000354 0.123616 500.000000 12.106538
570 0.000309 0.120358 600.000000 11.627907
580 0.000434 0.106857 100.000000 13.333333
580 0.001161 0.050072 200.000000 10.638298
580 0.000717 0.091234 300.000000 11.673152
580 0.000512 0.111140 400.000000 11.869436
580 0.000360 0.126803 500.000000 12.106538
590 0.000393 0.115870 100.000000 12.987013
590 0.001169 0.058919 200.000000 10.695188
590 0.000693 0.100325 300.000000 11.673152
590 0.000497 0.120822 400.000000 11.764706
590 0.000370 0.131004 500.000000 12.077294
600 0.000368 0.094174 100.000000 11.764706
600 0.001129 0.067158 200.000000 10.752688
600 0.000681 0.106368 300.000000 11.627907
600 0.000499 0.128690 400.000000 11.695907
600 0.000353 0.140036 500.000000 11.990408
610 0.001395 0.034920 100.000000 9.803922
610 0.001148 0.078776 200.000000 10.752688
610 0.000665 0.119884 300.000000 11.627907
610 0.000481 0.141490 400.000000 11.695907
610 0.000363 0.147097 500.000000 11.764706
620 0.002305 0.014606 100.000000 8.928572
620 0.001119 0.087232 200.000000 10.810811
620 0.000653 0.126088 300.000000 11.583012
620 0.000470 0.143958 400.000000 11.695907
620 0.000373 0.148873 500.000000 11.547344
630 0.002300 0.020886 100.000000 8.695652
630 0.001120 0.104127 200.000000 10.810811
630 0.000683 0.136665 300.000000 11.538462
630 0.000470 0.154149 400.000000 11.695907
630 0.000400 0.152044 500.000000 11.415525
640 0.002254 0.052046 100.000000 8.695652
640 0.001079 0.117798 200.000000 10.869565
640 0.000695 0.143012 300.000000 11.494253
640 0.000461 0.159331 400.000000 11.730206
640 0.000405 0.153304 500.000000 11.312217
650 0.002263 0.084340 100.000000 8.771930
650 0.001066 0.132657 200.000000 10.928962
650 0.000709 0.152043 300.000000 11.406844
650 0.000489 0.165077 400.000000 11.764706
650 0.000419 0.158579 500.000000 11.185682
660 0.002246 0.086260 100.000000 8.849558
660 0.001045 0.140393 200.000000 10.989011
660 0.000679 0.159100 300.000000 11.363636
660 0.000500 0.166289 400.000000 11.799410
670 0.002315 0.118568 100.000000 9.090909
670 0.001080 0.159912 200.000000 11.111111
670 0.000708 0.175770 300.000000 11.363636
670 0.000524 0.179893 400.000000 11.869436
680 0.002163 0.123103 100.000000 9.523809
680 0.001034 0.155050 200.000000 11.363636
680 0.000686 0.170638 300.000000 11.538462
680 0.000508 0.176002 400.000000 11.940298
690 0.001896 0.132392 100.000000 10.101010
690 0.000889 0.136589 200.000000 11.764706
690 0.000586 0.146855 300.000000 11.764706
690 0.000463 0.151983 400.000000 12.084592
700 0.001575 0.085280 100.000000 10.869565
700 0.000774 0.114163 200.000000 12.195122
700 0.000584 0.125944 300.000000 12.096774
700 0.000567 0.136752 400.000000 12.232416
710 0.001146 0.070549 100.000000 11.627907
710 0.000438 0.082453 200.000000 12.658228
710 0.000318 0.084484 300.000000 12.396694
710 0.000359 0.080964 400.000000 12.345679
720 0.000343 0.016529 100.000000 12.500000
720 0.000306 0.012713 200.000000 13.071896
720 0.000329 0.026390 300.000000 12.658228
720 0.000476 0.039143 400.000000 12.422360
730 0.000303 0.024593 100.000000 13.333333
730 0.000413 0.024072 200.000000 13.422819
730 0.000424 0.030197 300.000000 12.931034
730 0.000537 0.048962 400.000000 12.383901
740 0.000341 0.027289 100.000000 13.888889
740 0.000404 0.030115 200.000000 13.605442
740 0.000448 0.028993 300.000000 13.100436
740 0.000523 0.052639 400.000000 12.345679
750 0.000355 0.024249 100.000000 14.084507
750 0.000400 0.026736 200.000000 13.605442
750 0.000459 0.027336 300.000000 13.215859
750 0.000505 0.056733 400.000000 12.232416
760 0.000383 0.021197 100.000000 14.285714
760 0.000390 0.026421 200.000000 13.422819
760 0.000489 0.029825 300.000000 13.215859
760 0.000521 0.060653 400.000000 12.048193
770 0.000483 0.016307 100.000000 14.084507
770 0.000419 0.021667 200.000000 13.071896
770 0.000535 0.031917 300.000000 13.157895
780 0.000489 0.014270 100.000000 13.888889
780 0.000421 0.020569 200.000000 12.820513
780 0.000570 0.035022 300.000000 13.043478
790 0.000531 0.026674 100.000000 13.698630
790 0.000421 0.022223 200.000000 12.658228
790 0.000628 0.036707 300.000000 12.711864
800 0.000591 0.027895 100.000000 13.333333
800 0.000468 0.022409 200.000000 12.658228
800 0.000626 0.038181 300.000000 12.195122
810 0.000496 0.025547 100.000000 13.157895
810 0.000512 0.024245 200.000000 12.658228
810 0.000598 0.041536 300.000000 11.857708
820 0.000449 0.054903 100.000000 12.820513
820 0.000544 0.013818 200.000000 12.658228
820 0.000565 0.050990 300.000000 11.627907
830 0.000373 0.025342 100.000000 12.345679
830 0.000555 0.015337 200.000000 12.658228
830 0.000562 0.050957 300.000000 11.363636
840 0.000359 0.020454 100.000000 12.048193
840 0.000571 0.015318 200.000000 12.658228
850 0.000361 0.000594 100.000000 11.764706
850 0.000614 0.022413 200.000000 12.578616
860 0.000343 0.026710 100.000000 11.627907
860 0.000704 0.013190 200.000000 12.269938
870 0.000364 0.061056 100.000000 11.764706
870 0.000673 0.016572 200.000000 11.764706
880 0.000488 0.053785 100.000000 11.904762
880 0.000679 0.021743 200.000000 11.363636
890 0.000577 0.061591 100.000000 12.048193
890 0.000640 0.028364 200.000000 11.111111
900 0.000709 0.066286 100.000000 12.345679
900 0.000633 0.041207 200.000000 10.989011
910 0.000798 0.046125 100.000000 12.658228
910 0.000667 0.050010 200.000000 10.810811
920 0.000816 0.015225 100.000000 12.987013
930 0.000856 0.027049 100.000000 13.333333
940 0.001090 0.032815 100.000000 13.157895
950 0.001059 0.052821 100.000000 12.048193
960 0.001001 0.066902 100.000000 10.989011
970 0.000727 0.086165 100.000000 10.204082
980 0.000576 0.083667 100.000000 9.708738
990 0.000561 0.068286 100.000000 9.090909
