0 0.000690 0.272866 100.000000 13.513514
0 0.000791 0.220268 200.000000 13.605442
0 0.000651 0.212128 300.000000 14.084507
10 0.000626 0.280740 100.000000 13.513514
10 0.000822 0.230914 200.000000 13.698630
10 0.000610 0.210747 300.000000 14.150944
20 0.000633 0.269372 100.000000 13.513514
20 0.000853 0.233992 200.000000 13.698630
20 0.000615 0.203461 300.000000 14.285714
30 0.000620 0.258107 100.000000 13.513514
30 0.000869 0.239706 200.000000 13.793103
30 0.000663 0.196275 300.000000 14.354067
40 0.000620 0.257556 100.000000 13.333333
40 0.000794 0.233279 200.000000 13.888889
40 0.000648 0.186391 300.000000 14.492754
50 0.000728 0.220572 100.000000 13.333333
50 0.000756 0.218587 200.000000 13.986014
50 0.000643 0.169534 300.000000 14.563107
60 0.000799 0.183715 100.000000 13.333333
60 0.000679 0.211946 200.000000 13.986014
60 0.000610 0.165884 300.000000 14.634147
70 0.000894 0.180945 100.000000 13.333333
70 0.000644 0.178168 200.000000 14.184397
80 0.000999 0.180846 100.000000 13.513514
80 0.000589 0.169022 200.000000 14.285714
90 0.001088 0.184686 100.000000 13.513514
90 0.000587 0.160511 200.000000 14.492754
100 0.001182 0.200919 100.000000 13.698630
100 0.000676 0.151978 200.000000 14.705882
110 0.001016 0.234551 100.000000 14.084507
110 0.000694 0.149715 200.000000 14.814815
120 0.000896 0.231822 100.000000 14.285714
120 0.000639 0.132888 200.000000 15.037594
130 0.000705 0.233701 100.000000 14.492754
130 0.000556 0.144090 200.000000 15.151515
140 0.000512 0.192058 100.000000 14.705882
140 0.000519 0.131229 200.000000 15.384615
150 0.000373 0.162336 100.000000 14.925373
160 0.000458 0.139508 100.000000 15.151515
170 0.000499 0.105312 100.000000 15.384615
180 0.000469 0.062915 100.000000 15.384615
190 0.000448 0.031177 100.000000 15.625000
200 0.000497 0.045201 100.000000 15.625000
