0 0.001965 0.607198 100.000000 12.195122
0 0.001478 0.510221 200.000000 15.384615
0 0.001391 0.592309 300.000000 17.543859
0 0.001468 0.656453 400.000000 19.138756
0 0.001171 0.711335 500.000000 20.325203
0 0.000939 0.749773 600.000000 21.126760
0 0.000781 0.776917 700.000000 21.806854
0 0.000621 0.801268 800.000000 22.284122
10 0.001769 0.585286 100.000000 12.987013
10 0.001315 0.511144 200.000000 16.129032
10 0.001212 0.608222 300.000000 18.181818
10 0.001322 0.671677 400.000000 19.704433
10 0.001051 0.723774 500.000000 20.833334
10 0.000851 0.760974 600.000000 21.582733
10 0.000697 0.786748 700.000000 22.222221
10 0.000550 0.810128 800.000000 22.662889
20 0.001694 0.519295 100.000000 13.888889
20 0.001340 0.492678 200.000000 16.949152
20 0.001245 0.618071 300.000000 18.867924
20 0.001364 0.684963 400.000000 20.304569
20 0.001054 0.734180 500.000000 21.367521
20 0.000872 0.767418 600.000000 22.140221
20 0.000708 0.796894 700.000000 22.653721
20 0.000550 0.816362 800.000000 23.121387
30 0.001278 0.429378 100.000000 14.925373
30 0.001122 0.470626 200.000000 17.857143
30 0.001130 0.613406 300.000000 19.607843
30 0.001292 0.676989 400.000000 21.052631
30 0.001000 0.728322 500.000000 22.026432
30 0.000817 0.766105 600.000000 22.641510
30 0.000654 0.793222 700.000000 23.178808
30 0.000500 0.816081 800.000000 23.529411
40 0.001126 0.418668 100.000000 16.129032
40 0.001188 0.487765 200.000000 18.867924
40 0.001196 0.628507 300.000000 20.408163
40 0.001285 0.692251 400.000000 21.739130
40 0.000981 0.739685 500.000000 22.624434
40 0.000797 0.775650 600.000000 23.166023
40 0.000644 0.802095 700.000000 23.648649
40 0.000460 0.837021 800.000000 23.952095
50 0.001145 0.398024 100.000000 17.241379
50 0.001173 0.511678 200.000000 19.801981
50 0.001325 0.641781 300.000000 21.276596
50 0.001262 0.709936 400.000000 22.471910
50 0.000951 0.758679 500.000000 23.148148
50 0.000774 0.787751 600.000000 23.715416
50 0.000618 0.816046 700.000000 24.054983
50 0.000458 0.849461 800.000000 24.316109
60 0.001169 0.379073 100.000000 18.518518
60 0.001253 0.534775 200.000000 20.618557
60 0.001602 0.661493 300.000000 21.897810
60 0.001212 0.726221 400.000000 22.988506
60 0.000919 0.766779 500.000000 23.696682
60 0.000744 0.799779 600.000000 24.096386
60 0.000587 0.822297 700.000000 24.475525
60 0.000435 0.854673 800.000000 24.691359
70 0.001276 0.403799 100.000000 19.230770
70 0.001268 0.552181 200.000000 21.276596
70 0.001542 0.664028 300.000000 22.556391
70 0.001163 0.734072 400.000000 23.529411
70 0.000881 0.772858 500.000000 24.154589
70 0.000706 0.805165 600.000000 24.489796
70 0.000541 0.826793 700.000000 24.822695
70 0.000407 0.858946 800.000000 25.000000
80 0.001374 0.410698 100.000000 20.408163
80 0.001336 0.593736 200.000000 21.978022
80 0.001541 0.684250 300.000000 23.255814
80 0.001152 0.751552 400.000000 24.096386
80 0.000871 0.792094 500.000000 24.509804
80 0.000699 0.817905 600.000000 24.896265
80 0.000526 0.840465 700.000000 25.089605
80 0.000408 0.868087 800.000000 25.316456
90 0.001348 0.459369 100.000000 21.276596
90 0.001207 0.664914 200.000000 22.471910
90 0.001453 0.731053 300.000000 23.809525
90 0.001040 0.783851 400.000000 24.539877
90 0.000817 0.819683 500.000000 24.875622
90 0.000640 0.841489 600.000000 25.210085
90 0.000471 0.861134 700.000000 25.362318
90 0.000386 0.889210 800.000000 25.477707
100 0.001326 0.552546 100.000000 21.739130
100 0.001217 0.727131 200.000000 23.255814
100 0.001375 0.776268 300.000000 24.390244
100 0.000972 0.822574 400.000000 24.844721
100 0.000755 0.844573 500.000000 25.252525
100 0.000585 0.868332 600.000000 25.423729
100 0.000393 0.898623 700.000000 25.547445
100 0.000382 0.906828 800.000000 25.723473
110 0.001262 0.695983 100.000000 22.222221
110 0.001567 0.791357 200.000000 23.809525
110 0.001277 0.835875 300.000000 24.793388
110 0.000884 0.866402 400.000000 25.157232
110 0.000685 0.880872 500.000000 25.510204
110 0.000515 0.898386 600.000000 25.641026
110 0.000367 0.920921 700.000000 25.830257
110 0.000331 0.929612 800.000000 25.889967
120 0.001268 0.721174 100.000000 22.727272
120 0.001721 0.806163 200.000000 24.096386
120 0.001154 0.844936 300.000000 25.210085
120 0.000805 0.873313 400.000000 25.477707
120 0.000617 0.886943 500.000000 25.773195
120 0.000447 0.902895 600.000000 25.862068
120 0.000327 0.928462 700.000000 25.925926
120 0.000300 0.937092 800.000000 25.974026
130 0.001289 0.818423 100.000000 23.255814
130 0.001625 0.845881 200.000000 24.691359
130 0.001077 0.883685 300.000000 25.423729
130 0.000758 0.902844 400.000000 25.641026
130 0.000567 0.911421 500.000000 25.906736
130 0.000391 0.922144 600.000000 25.974026
130 0.000308 0.941778 700.000000 26.119404
130 0.000287 0.948520 800.000000 26.143791
140 0.001191 0.902904 100.000000 23.809525
140 0.001503 0.902326 200.000000 25.000000
140 0.000942 0.917001 300.000000 25.641026
140 0.000681 0.921374 400.000000 25.974026
140 0.000493 0.933618 500.000000 26.041666
140 0.000332 0.940814 600.000000 26.086956
140 0.000287 0.958448 700.000000 26.217228
140 0.000263 0.964902 800.000000 26.229507
150 0.001797 0.934346 100.000000 23.809525
150 0.001386 0.918788 200.000000 25.641026
150 0.000826 0.935053 300.000000 25.862068
150 0.000592 0.935684 400.000000 26.143791
150 0.000415 0.946281 500.000000 26.178011
150 0.000272 0.968672 600.000000 26.200872
150 0.000255 0.967968 700.000000 26.315790
150 0.000237 0.974076 800.000000 26.315790
160 0.002168 0.903946 100.000000 25.000000
160 0.001166 0.921044 200.000000 25.974026
160 0.000696 0.935807 300.000000 26.086956
160 0.000494 0.937100 400.000000 26.315790
160 0.000344 0.947180 500.000000 26.315790
160 0.000271 0.968231 600.000000 26.315790
160 0.000235 0.968600 700.000000 26.415094
160 0.000239 0.980926 800.000000 26.402639
170 0.002072 0.873225 100.000000 25.641026
170 0.001018 0.920578 200.000000 26.315790
170 0.000592 0.933855 300.000000 26.315790
170 0.000415 0.944083 400.000000 26.315790
170 0.000283 0.945257 500.000000 26.455027
170 0.000235 0.968266 600.000000 26.431719
170 0.000183 0.971959 700.000000 26.415094
170 0.000205 0.982062 800.000000 26.490067
180 0.001945 0.904477 100.000000 25.641026
180 0.000874 0.929477 200.000000 26.315790
180 0.000556 0.932186 300.000000 26.548672
180 0.000357 0.945245 400.000000 26.490067
180 0.000201 0.951607 500.000000 26.455027
180 0.000186 0.969922 600.000000 26.548672
180 0.000166 0.975729 700.000000 26.515152
180 0.000185 0.986992 800.000000 26.490067
190 0.001144 0.932687 100.000000 26.315790
190 0.000432 0.953380 200.000000 26.315790
190 0.000257 0.948444 300.000000 26.548672
190 0.000174 0.958545 400.000000 26.490067
190 0.000226 0.982186 500.000000 26.455027
190 0.000178 0.979045 600.000000 26.548672
190 0.000138 0.984118 700.000000 26.515152
190 0.000122 0.994165 800.000000 26.490067
200 0.000295 0.946268 100.000000 26.315790
200 0.000157 0.957529 200.000000 26.315790
200 0.000165 0.952423 300.000000 26.548672
200 0.000258 0.961310 400.000000 26.490067
200 0.000367 0.982773 500.000000 26.455027
200 0.000248 0.985237 600.000000 26.431719
200 0.000192 0.992444 700.000000 26.515152
200 0.000101 0.998804 800.000000 26.402639
210 0.000152 0.998849 100.000000 25.641026
210 0.000120 0.969430 200.000000 26.315790
210 0.000165 0.970259 300.000000 26.315790
210 0.000305 0.965395 400.000000 26.490067
210 0.000316 0.988324 500.000000 26.455027
210 0.000238 0.991799 600.000000 26.431719
210 0.000143 1.001731 700.000000 26.415094
210 0.000050 1.002485 800.000000 26.402639
220 0.000194 0.983083 100.000000 25.641026
220 0.000140 0.960361 200.000000 26.315790
220 0.000230 0.968575 300.000000 26.315790
220 0.000421 0.994148 400.000000 26.315790
220 0.000294 0.988083 500.000000 26.455027
220 0.000225 0.991585 600.000000 26.431719
220 0.000120 1.002069 700.000000 26.415094
220 0.000060 1.008112 800.000000 26.315790
230 0.000300 0.972576 100.000000 25.641026
230 0.000212 0.957230 200.000000 26.315790
230 0.000301 0.967210 300.000000 26.315790
230 0.000434 0.993590 400.000000 26.315790
230 0.000306 0.988008 500.000000 26.455027
230 0.000210 0.992567 600.000000 26.431719
230 0.000108 1.002751 700.000000 26.415094
230 0.000087 1.008413 800.000000 26.315790
240 0.000287 0.965091 100.000000 25.641026
240 0.000230 0.967985 200.000000 25.974026
240 0.000357 0.963873 300.000000 26.315790
240 0.000426 0.992175 400.000000 26.315790
240 0.000280 0.992789 500.000000 26.315790
240 0.000200 1.000447 600.000000 26.431719
240 0.000087 1.006289 700.000000 26.315790
240 0.000081 1.009664 800.000000 26.229507
250 0.000122 0.965908 100.000000 25.641026
250 0.000252 0.972406 200.000000 25.974026
250 0.000395 0.964619 300.000000 26.315790
250 0.000381 0.993364 400.000000 26.315790
250 0.000280 0.996384 500.000000 26.315790
250 0.000151 1.007874 600.000000 26.315790
250 0.000055 1.008042 700.000000 26.315790
250 0.000077 1.009174 800.000000 26.229507
260 0.000123 0.961704 100.000000 25.641026
260 0.000280 0.975157 200.000000 25.974026
260 0.000497 0.999334 300.000000 26.315790
260 0.000322 0.997001 400.000000 26.315790
260 0.000230 0.999382 500.000000 26.315790
260 0.000116 1.010782 600.000000 26.315790
260 0.000044 1.012410 700.000000 26.315790
260 0.000167 1.008880 800.000000 26.143791
270 0.000167 0.969454 100.000000 25.641026
270 0.000343 0.977507 200.000000 25.974026
270 0.000499 1.000630 300.000000 26.315790
270 0.000318 0.998555 400.000000 26.315790
270 0.000207 1.011129 500.000000 26.315790
270 0.000092 1.012682 600.000000 26.315790
270 0.000067 1.017560 700.000000 26.217228
270 0.000176 1.008744 800.000000 26.143791
280 0.000264 0.971700 100.000000 25.641026
280 0.000481 0.975605 200.000000 25.974026
280 0.000514 1.000857 300.000000 26.315790
280 0.000321 0.999505 400.000000 26.315790
280 0.000200 1.013762 500.000000 26.315790
280 0.000082 1.013739 600.000000 26.315790
280 0.000060 1.016634 700.000000 26.217228
280 0.000173 1.007214 800.000000 26.058632
290 0.000405 0.977597 100.000000 25.641026
290 0.000574 0.976315 200.000000 25.974026
290 0.000459 1.003203 300.000000 26.315790
290 0.000316 1.004614 400.000000 26.315790
290 0.000157 1.016378 500.000000 26.315790
290 0.000038 1.022734 600.000000 26.200872
290 0.000091 1.016954 700.000000 26.119404
290 0.000174 1.006418 800.000000 26.058632
300 0.000447 0.989367 100.000000 25.641026
300 0.000681 1.032208 200.000000 25.974026
300 0.000396 1.009028 300.000000 26.315790
300 0.000253 1.010085 400.000000 26.315790
300 0.000120 1.021041 500.000000 26.315790
300 0.000074 1.026965 600.000000 26.200872
300 0.000205 1.016285 700.000000 26.119404
300 0.000174 1.006476 800.000000 26.058632
310 0.000558 0.985261 100.000000 25.641026
310 0.000698 1.028149 200.000000 25.974026
310 0.000349 1.017509 300.000000 26.086956
310 0.000218 1.022292 400.000000 26.315790
310 0.000082 1.027031 500.000000 26.178011
310 0.000079 1.025299 600.000000 26.200872
310 0.000213 1.013999 700.000000 26.022305
310 0.000183 1.004571 800.000000 26.058632
320 0.000702 0.975594 100.000000 25.641026
320 0.000607 1.028277 200.000000 25.974026
320 0.000331 1.016776 300.000000 26.086956
320 0.000172 1.025219 400.000000 26.315790
320 0.000061 1.027759 500.000000 26.178011
320 0.000093 1.028160 600.000000 26.086956
320 0.000229 1.012404 700.000000 26.022305
320 0.000187 1.003799 800.000000 26.058632
330 0.000732 0.976779 100.000000 25.641026
330 0.000436 1.031282 200.000000 25.974026
330 0.000260 1.023439 300.000000 26.086956
330 0.000096 1.034616 400.000000 26.143791
330 0.000106 1.032419 500.000000 26.178011
330 0.000158 1.024556 600.000000 26.086956
330 0.000248 1.010873 700.000000 26.022305
330 0.000205 1.005089 800.000000 26.058632
340 0.000864 1.077572 100.000000 25.641026
340 0.000347 1.033566 200.000000 25.974026
340 0.000172 1.027462 300.000000 26.086956
340 0.000097 1.036924 400.000000 26.143791
340 0.000130 1.035710 500.000000 26.178011
340 0.000304 1.025046 600.000000 25.974026
340 0.000266 1.009008 700.000000 26.022305
340 0.000224 1.005965 800.000000 26.058632
350 0.000822 1.072848 100.000000 25.641026
350 0.000246 1.035057 200.000000 25.974026
350 0.000143 1.045425 300.000000 26.086956
350 0.000122 1.038398 400.000000 26.143791
350 0.000173 1.039598 500.000000 26.041666
350 0.000327 1.019447 600.000000 25.974026
350 0.000276 1.011921 700.000000 25.925926
350 0.000230 1.004088 800.000000 26.143791
360 0.000405 1.084103 100.000000 25.641026
360 0.000150 1.047078 200.000000 25.974026
360 0.000137 1.052847 300.000000 26.086956
360 0.000244 1.041994 400.000000 26.143791
360 0.000249 1.039772 500.000000 26.041666
360 0.000373 1.023524 600.000000 25.862068
360 0.000316 1.009308 700.000000 26.022305
360 0.000266 1.006577 800.000000 26.143791
370 0.000259 1.088940 100.000000 25.641026
370 0.000148 1.050148 200.000000 25.974026
370 0.000237 1.055889 300.000000 26.086956
370 0.000305 1.055302 400.000000 25.974026
370 0.000321 1.038610 500.000000 25.906736
370 0.000388 1.022192 600.000000 25.862068
370 0.000319 1.010855 700.000000 26.022305
370 0.000279 1.008079 800.000000 26.143791
380 0.000137 0.990597 100.000000 25.641026
380 0.000215 1.004573 200.000000 25.974026
380 0.000324 1.025456 300.000000 26.086956
380 0.000344 1.032432 400.000000 25.974026
380 0.000499 1.015441 500.000000 25.906736
380 0.000434 1.003249 600.000000 25.862068
380 0.000366 0.997653 700.000000 26.022305
380 0.000327 0.996973 800.000000 26.143791
390 0.000323 0.997190 100.000000 25.641026
390 0.000304 1.033117 200.000000 25.974026
390 0.000390 1.027876 300.000000 26.086956
390 0.000385 1.031017 400.000000 25.974026
390 0.000521 1.014053 500.000000 25.773195
390 0.000441 1.002863 600.000000 25.862068
390 0.000366 0.999604 700.000000 26.022305
390 0.000366 0.998845 800.000000 26.143791
400 0.000138 1.011482 100.000000 25.641026
400 0.000360 1.039191 200.000000 25.974026
400 0.000439 1.039546 300.000000 25.862068
400 0.000412 1.034891 400.000000 25.806452
400 0.000504 1.012252 500.000000 25.773195
400 0.000423 1.002584 600.000000 25.862068
400 0.000351 0.997091 700.000000 26.119404
400 0.000318 0.989601 800.000000 26.229507
410 0.000164 1.009318 100.000000 25.641026
410 0.000349 1.040248 200.000000 25.974026
410 0.000460 1.044505 300.000000 25.862068
410 0.000588 1.023628 400.000000 25.806452
410 0.000506 1.008292 500.000000 25.773195
410 0.000395 0.998670 600.000000 25.974026
410 0.000326 0.997710 700.000000 26.119404
410 0.000300 0.976145 800.000000 26.229507
420 0.000295 1.065475 100.000000 25.641026
420 0.000442 1.057130 200.000000 25.641026
420 0.000420 1.046067 300.000000 25.862068
420 0.000592 1.028112 400.000000 25.641026
420 0.000492 1.005373 500.000000 25.773195
420 0.000404 0.999797 600.000000 25.974026
420 0.000357 0.998751 700.000000 26.119404
420 0.000313 0.979075 800.000000 26.143791
430 0.000418 1.073594 100.000000 25.641026
430 0.000503 1.058082 200.000000 25.641026
430 0.000449 1.051540 300.000000 25.641026
430 0.000592 1.017872 400.000000 25.641026
430 0.000483 1.004518 500.000000 25.773195
430 0.000384 1.001143 600.000000 25.974026
430 0.000390 1.000210 700.000000 26.119404
430 0.000332 0.977677 800.000000 26.143791
440 0.000620 1.067016 100.000000 25.641026
440 0.000597 1.053995 200.000000 25.641026
440 0.000514 1.036913 300.000000 25.641026
440 0.000604 1.011508 400.000000 25.641026
440 0.000480 1.001362 500.000000 25.773195
440 0.000390 0.995662 600.000000 26.086956
440 0.000347 0.983165 700.000000 26.119404
440 0.000337 0.970890 800.000000 26.143791
450 0.000544 1.095807 100.000000 25.000000
450 0.000549 1.066138 200.000000 25.641026
450 0.000738 1.026275 300.000000 25.641026
450 0.000593 1.006564 400.000000 25.641026
450 0.000433 1.001801 500.000000 25.773195
450 0.000349 0.995606 600.000000 26.086956
450 0.000313 0.974773 700.000000 26.119404
450 0.000311 0.970563 800.000000 26.058632
460 0.000559 1.049697 100.000000 25.000000
460 0.000579 1.047904 200.000000 25.316456
460 0.000749 1.006277 300.000000 25.423729
460 0.000571 0.991081 400.000000 25.641026
460 0.000442 0.987711 500.000000 25.906736
460 0.000357 0.988670 600.000000 26.086956
460 0.000306 0.966775 700.000000 26.119404
460 0.000301 0.964485 800.000000 25.974026
470 0.000641 1.042988 100.000000 25.000000
470 0.000572 1.038318 200.000000 25.316456
470 0.000735 0.998806 300.000000 25.423729
470 0.000544 0.986055 400.000000 25.641026
470 0.000406 0.987334 500.000000 25.906736
470 0.000366 0.989627 600.000000 26.086956
470 0.000325 0.962487 700.000000 26.119404
470 0.000309 0.962832 800.000000 25.889967
480 0.000829 1.056206 100.000000 25.000000
480 0.000637 1.022426 200.000000 25.316456
480 0.000683 0.992706 300.000000 25.423729
480 0.000490 0.985910 400.000000 25.641026
480 0.000351 0.981922 500.000000 26.041666
480 0.000304 0.960877 600.000000 26.086956
480 0.000293 0.956311 700.000000 26.119404
480 0.000317 0.959764 800.000000 25.806452
490 0.000822 1.058082 100.000000 25.000000
490 0.000981 1.006582 200.000000 25.316456
490 0.000648 0.984750 300.000000 25.423729
490 0.000441 0.979419 400.000000 25.806452
490 0.000340 0.982156 500.000000 26.041666
490 0.000277 0.954028 600.000000 26.200872
490 0.000280 0.955703 700.000000 26.022305
490 0.000319 0.957320 800.000000 25.723473
500 0.000795 1.044576 100.000000 25.000000
500 0.000932 0.998023 200.000000 25.000000
500 0.000594 0.979801 300.000000 25.423729
500 0.000408 0.979813 400.000000 25.806452
500 0.000314 0.982441 500.000000 26.041666
500 0.000279 0.951979 600.000000 26.200872
500 0.000274 0.955344 700.000000 25.925926
500 0.000340 0.962151 800.000000 25.559105
510 0.000743 1.031765 100.000000 25.000000
510 0.000876 0.990348 200.000000 25.000000
510 0.000536 0.976609 300.000000 25.423729
510 0.000360 0.973669 400.000000 25.974026
510 0.000298 0.979527 500.000000 26.178011
510 0.000294 0.951457 600.000000 26.086956
510 0.000285 0.953887 700.000000 25.830257
510 0.000307 0.965100 800.000000 25.396826
520 0.000408 1.012543 100.000000 24.390244
520 0.000583 0.975454 200.000000 25.000000
520 0.000374 0.964397 300.000000 25.641026
520 0.000290 0.971517 400.000000 25.974026
520 0.000347 0.941158 500.000000 26.178011
520 0.000320 0.943469 600.000000 26.086956
520 0.000333 0.949042 700.000000 25.735294
520 0.000317 0.962567 800.000000 25.236593
530 0.001199 0.981985 100.000000 24.390244
530 0.000643 0.961554 200.000000 25.000000
530 0.000419 0.962045 300.000000 25.641026
530 0.000448 0.971043 400.000000 25.974026
530 0.000387 0.938769 500.000000 26.178011
530 0.000354 0.938900 600.000000 26.086956
530 0.000389 0.948503 700.000000 25.641026
530 0.000375 0.954825 800.000000 25.078369
540 0.001106 0.955110 100.000000 24.390244
540 0.000554 0.949110 200.000000 25.316456
540 0.000356 0.959317 300.000000 25.862068
540 0.000414 0.968074 400.000000 26.143791
540 0.000408 0.938957 500.000000 26.178011
540 0.000342 0.940328 600.000000 25.974026
540 0.000400 0.954571 700.000000 25.454546
540 0.000389 0.955536 800.000000 24.844721
550 0.001089 0.954197 100.000000 24.390244
550 0.000511 0.952630 200.000000 25.316456
550 0.000319 0.956744 300.000000 26.086956
550 0.000403 0.969252 400.000000 26.315790
550 0.000424 0.935385 500.000000 26.178011
550 0.000365 0.941552 600.000000 25.862068
550 0.000352 0.956906 700.000000 25.362318
550 0.000431 0.960643 800.000000 24.464832
560 0.000774 0.965959 100.000000 24.390244
560 0.000388 0.955235 200.000000 25.641026
560 0.000382 0.967933 300.000000 26.086956
560 0.000484 0.929914 400.000000 26.315790
560 0.000417 0.934690 500.000000 26.178011
560 0.000402 0.942615 600.000000 25.751074
560 0.000363 0.958205 700.000000 25.179855
560 0.000426 0.962435 800.000000 24.024025
570 0.000450 0.940865 100.000000 25.000000
570 0.000297 0.951641 200.000000 25.974026
570 0.000662 0.966969 300.000000 26.315790
570 0.000574 0.932045 400.000000 26.315790
570 0.000469 0.933478 500.000000 26.178011
570 0.000455 0.946456 600.000000 25.641026
570 0.000381 0.953887 700.000000 25.000000
570 0.000343 0.954104 800.000000 23.598820
580 0.000465 0.968971 100.000000 25.000000
580 0.000370 0.974278 200.000000 25.974026
580 0.000656 0.981091 300.000000 26.315790
580 0.000630 0.933090 400.000000 26.490067
580 0.000467 0.940977 500.000000 26.041666
580 0.000474 0.954456 600.000000 25.531916
580 0.000407 0.958641 700.000000 24.734982
580 0.000338 0.939544 800.000000 23.054754
590 0.000421 0.950842 100.000000 25.641026
590 0.000323 0.971313 200.000000 26.315790
590 0.000700 0.971468 300.000000 26.548672
590 0.000638 0.933642 400.000000 26.315790
590 0.000484 0.938165 500.000000 26.041666
590 0.000395 0.961501 600.000000 25.316456
590 0.000453 0.964272 700.000000 24.305555
590 0.000447 0.909980 800.000000 22.662889
600 0.000255 0.972076 100.000000 25.641026
600 0.000583 0.982525 200.000000 26.315790
600 0.000726 0.925288 300.000000 26.548672
600 0.000567 0.932066 400.000000 26.315790
600 0.000491 0.941940 500.000000 25.773195
600 0.000388 0.959081 600.000000 25.104603
600 0.000412 0.963730 700.000000 23.809525
600 0.000951 0.871286 800.000000 22.222221
610 0.000124 0.990782 100.000000 25.641026
610 0.000780 0.980411 200.000000 26.666666
610 0.000657 0.928460 300.000000 26.548672
610 0.000484 0.937263 400.000000 26.143791
610 0.000459 0.947494 500.000000 25.641026
610 0.000370 0.958593 600.000000 24.793388
610 0.000337 0.955851 700.000000 23.178808
610 0.001170 0.818993 800.000000 21.798365
620 0.000337 0.981721 100.000000 26.315790
620 0.000784 0.988040 200.000000 26.666666
620 0.000733 0.929160 300.000000 26.548672
620 0.000468 0.939748 400.000000 25.974026
620 0.000478 0.956706 500.000000 25.380711
620 0.000418 0.962760 600.000000 24.390244
620 0.000349 0.932555 700.000000 22.653721
620 0.001203 0.763449 800.000000 21.505377
630 0.000204 0.992911 100.000000 26.315790
630 0.000868 0.956848 200.000000 26.666666
630 0.000730 0.925825 300.000000 26.315790
630 0.000515 0.938887 400.000000 25.806452
630 0.000399 0.967721 500.000000 25.000000
630 0.000454 0.966295 600.000000 23.904383
630 0.000641 0.896115 700.000000 22.082020
640 0.000924 0.994625 100.000000 26.315790
640 0.000963 0.899764 200.000000 26.666666
640 0.000669 0.925736 300.000000 26.086956
640 0.000561 0.938990 400.000000 25.477707
640 0.000463 0.956226 500.000000 24.752476
640 0.000448 0.964099 600.000000 23.166023
640 0.001232 0.844506 700.000000 21.538462
650 0.001514 0.995027 100.000000 26.315790
650 0.000962 0.908195 200.000000 26.315790
650 0.000611 0.925212 300.000000 25.862068
650 0.000567 0.948064 400.000000 25.157232
650 0.000444 0.957665 500.000000 24.271845
650 0.000383 0.947735 600.000000 22.471910
650 0.001355 0.778967 700.000000 21.084337
660 0.001316 0.994918 100.000000 26.315790
660 0.000961 0.909897 200.000000 25.974026
660 0.000527 0.922452 300.000000 25.641026
660 0.000555 0.955054 400.000000 24.844721
660 0.000505 0.958833 500.000000 23.809525
660 0.000415 0.912075 600.000000 21.818182
660 0.001408 0.714368 700.000000 20.771513
670 0.000930 0.868767 100.000000 25.641026
670 0.000612 0.889093 200.000000 25.974026
670 0.000441 0.924014 300.000000 25.210085
670 0.000344 0.963858 400.000000 24.390244
670 0.000500 0.965499 500.000000 23.041475
670 0.001027 0.864707 600.000000 21.201414
680 0.000886 0.829624 100.000000 25.641026
680 0.000485 0.888220 200.000000 25.641026
680 0.000446 0.925853 300.000000 24.793388
680 0.000401 0.950148 400.000000 23.952095
680 0.000533 0.955307 500.000000 22.222221
680 0.001557 0.800421 600.000000 20.689655
690 0.000616 0.815566 100.000000 25.641026
690 0.000226 0.886214 200.000000 25.316456
690 0.000390 0.939342 300.000000 24.390244
690 0.000421 0.947910 400.000000 23.529411
690 0.000574 0.928395 500.000000 21.459227
690 0.001643 0.722714 600.000000 20.202021
700 0.000519 0.810011 100.000000 25.000000
700 0.000254 0.892070 200.000000 24.691359
700 0.000353 0.946290 300.000000 24.000000
700 0.000551 0.953690 400.000000 22.857143
700 0.000659 0.878620 500.000000 20.833334
710 0.000211 0.960389 100.000000 25.000000
710 0.000369 0.973742 200.000000 24.390244
710 0.000440 1.004078 300.000000 23.622047
710 0.000731 1.000522 400.000000 21.978022
710 0.001574 0.855058 500.000000 20.161291
720 0.000298 0.967628 100.000000 24.390244
720 0.000494 0.990343 200.000000 23.809525
720 0.000548 0.993477 300.000000 23.076923
720 0.000787 0.982899 400.000000 21.164021
720 0.002006 0.775545 500.000000 19.607843
730 0.000473 0.975544 100.000000 23.809525
730 0.000586 0.999263 200.000000 23.529411
730 0.000697 0.994463 300.000000 22.556391
730 0.000861 0.946262 400.000000 20.304569
730 0.002061 0.690961 500.000000 19.230770
740 0.000525 0.975923 100.000000 23.809525
740 0.000622 1.027963 200.000000 22.988506
740 0.000796 1.012531 300.000000 21.739130
740 0.001113 0.893815 400.000000 19.704433
750 0.000523 0.985654 100.000000 23.255814
750 0.000620 1.027138 200.000000 22.471910
750 0.000954 1.014914 300.000000 20.833334
750 0.002001 0.827155 400.000000 19.047619
760 0.000702 1.014163 100.000000 22.727272
760 0.000689 1.016696 200.000000 21.978022
760 0.000987 0.991869 300.000000 20.000000
760 0.002440 0.740751 400.000000 18.604650
770 0.000827 1.048511 100.000000 22.222221
770 0.000828 1.016913 200.000000 21.505377
770 0.000992 0.945984 300.000000 19.230770
770 0.002462 0.646506 400.000000 18.181818
780 0.000750 1.081748 100.000000 21.739130
780 0.000909 1.026147 200.000000 20.833334
780 0.001236 0.880933 300.000000 18.518518
790 0.000744 1.089694 100.000000 21.276596
790 0.001212 1.031647 200.000000 19.801981
790 0.002353 0.808679 300.000000 17.964071
800 0.000912 1.045582 100.000000 20.833334
800 0.001346 1.005595 200.000000 18.867924
800 0.003048 0.715399 300.000000 17.441860
810 0.000986 1.005533 100.000000 20.408163
810 0.001399 0.942615 200.000000 18.018019
810 0.003089 0.610841 300.000000 17.142857
820 0.001233 0.994641 100.000000 19.607843
820 0.001473 0.852820 200.000000 17.241379
820 0.003094 0.528797 300.000000 16.853933
830 0.001602 0.988837 100.000000 18.518518
830 0.002415 0.770733 200.000000 16.666666
840 0.001714 1.015761 100.000000 17.241379
840 0.003766 0.714953 200.000000 16.129032
850 0.001912 0.965747 100.000000 16.393442
850 0.004231 0.648450 200.000000 15.873015
860 0.001812 0.899604 100.000000 15.625000
860 0.004163 0.609002 200.000000 15.625000
870 0.002020 0.833028 100.000000 14.925373
870 0.004096 0.622573 200.000000 15.503876
880 0.002995 0.821756 100.000000 14.705882
890 0.005063 0.838703 100.000000 14.705882
900 0.006556 0.861802 100.000000 14.925373
910 0.007295 0.886844 100.000000 14.925373
920 0.007314 0.886007 100.000000 15.384615
930 0.007678 0.914531 100.000000 15.625000
