-0.000000 0.000000 0.000000 0.000000
-0.031067 2.888054 0.130209 2.095330
-0.064585 5.738958 0.224858 4.358068
-0.101303 8.535486 0.320610 6.688650
-0.142195 11.339520 0.355901 9.089968
-0.184906 14.041360 0.399693 11.340910
-0.236713 16.743090 0.362014 13.390120
-0.293743 19.414190 0.415868 15.433900
-0.351775 22.037930 0.361244 17.371370
-0.412104 24.615430 0.541495 19.362010
-0.469077 27.080370 0.458961 21.630460
-0.537729 29.454710 0.371784 23.712740
-0.609883 31.753310 0.411864 25.756860
-0.707028 33.962280 0.288794 27.729410
-0.822501 36.085730 -0.024574 29.684830
-0.935694 38.111240 -0.136683 31.465030
-1.022967 40.037480 -0.176307 33.400870
-1.107347 41.890890 -0.226724 35.086640
-1.156523 43.592390 -0.368968 36.704180
-1.165281 45.110470 -0.825757 38.046760
-1.139704 46.435620 -1.407987 39.368460
-1.077742 47.567320 -1.674340 40.384880
-1.006263 48.450880 -1.527404 41.134630
-0.897746 49.232390 -1.524757 41.835230
-0.757712 49.986150 -1.208212 42.541660
-0.562625 50.707270 -0.919084 42.983190
-0.317219 51.420200 -0.608207 43.644450
0.000274 52.129820 -0.068253 44.296910
0.427978 52.800310 0.656110 44.916450
0.965237 53.472800 1.462667 45.322450
1.658262 54.153430 2.318233 45.566700
2.612681 54.789880 3.259207 45.463490
3.766145 55.335410 4.151966 45.730040
5.103719 55.721430 5.386349 46.276850
6.612372 55.902800 6.735822 46.463730
8.209580 55.971350 7.851193 46.539970
9.933246 55.981820 9.329705 46.727150
11.755010 55.963040 10.803780 46.867280
13.673080 55.883300 12.276770 46.936770
15.697980 55.779010 13.834770 46.940320
17.784720 55.672100 15.743250 47.038290
19.978240 55.590270 17.186070 47.086620
22.167140 55.510110 19.245180 47.248090
24.373310 55.484540 21.003080 47.394520
26.568060 55.472620 22.570230 47.607440
28.777650 55.510270 24.107700 47.768660
30.985590 55.548590 25.927390 47.993400
33.207400 55.613480 27.815280 48.160390
35.442520 55.709300 29.656270 48.333420
37.704740 55.826600 31.724340 48.535790
40.002200 55.976310 33.530560 48.732210
42.339510 56.141300 35.297190 48.939470
44.713720 56.343910 37.059110 49.182370
47.122240 56.605330 39.156540 49.551060
49.540680 56.921620 41.016530 49.888550
51.989070 57.297260 42.881090 50.271310
54.343180 57.698510 44.768630 50.722440
56.645460 58.120330 46.346310 51.090180
58.876010 58.567270 48.278100 51.629130
61.013190 59.021080 49.841970 52.140030
63.055930 59.468430 51.227340 52.629830
65.032810 59.902180 52.597900 53.138380
66.922080 60.298360 53.764570 53.591160
68.724720 60.677920 55.144350 53.950970
70.449950 61.033000 56.481830 54.152930
72.086540 61.346730 57.819830 54.441490
73.701140 61.657010 59.157700 54.703900
75.335240 61.944750 60.523570 54.909020
76.992600 62.291350 61.971960 55.217300
78.692590 62.691950 63.420890 55.624100
80.453400 63.179850 64.640320 55.981480
82.265790 63.740490 66.440800 56.530270
84.194030 64.399810 68.298900 57.197580
86.224450 65.153770 70.084300 57.912310
88.357870 65.993410 71.719210 58.565950
90.502450 66.907090 73.778290 59.596240
92.609040 67.903710 75.110320 60.368130
94.633120 68.920130 76.955380 61.524690
96.583420 69.912990 78.504030 62.424300
98.435050 70.883890 79.940510 63.273180
100.212200 71.816210 81.403430 64.130530
101.905500 72.735820 82.550030 64.843800
103.511500 73.620900 83.850380 65.698780
105.060100 74.482340 84.833370 66.388400
106.565000 75.343110 86.156280 67.269200
108.028900 76.228830 87.367810 68.109990
109.484600 77.160920 88.539040 69.063870
111.012500 78.171090 89.768880 70.049190
112.582900 79.246780 90.935750 71.126130
114.228600 80.425890 92.159480 72.250810
115.947600 81.729260 93.499660 73.475730
117.700100 83.151090 95.034570 74.900260
119.523000 84.685210 96.799470 76.385510
121.433400 86.292660 98.540720 77.886340
123.377700 87.978210 100.165500 79.414470
125.311100 89.753620 101.887300 81.101760
127.275600 91.596860 103.426600 82.524670
129.224500 93.463900 104.903600 83.937580
131.149100 95.403230 106.556200 85.655100
133.059000 97.419260 108.467000 87.668130
134.953900 99.488560 109.948700 89.301720
136.852800 101.578900 111.351400 90.876950
138.768400 103.700800 112.652400 92.536200
140.668600 105.771500 114.155600 94.200960
142.593300 107.805600 115.437200 95.604240
144.499400 109.783900 117.122300 97.535130
146.448400 111.754000 118.700800 99.259930
148.396300 113.639400 120.243000 100.818200
150.376300 115.438400 121.835400 102.426700
152.404100 117.222400 123.433000 103.969900
154.478600 118.989300 125.141300 105.693600
156.645400 120.724500 126.625500 107.089200
158.905800 122.432200 128.437100 108.597100
161.194700 124.063600 130.669500 110.091200
163.498700 125.601900 132.238800 111.330700
165.800800 127.092000 134.010100 112.686000
168.046900 128.527100 135.865500 114.063300
170.193100 129.881700 137.705400 115.388600
172.320500 131.175000 139.288800 116.584800
174.354500 132.418200 140.673400 117.707400
176.353200 133.630800 142.076800 118.817900
178.293700 134.777800 143.594800 119.807400
180.174800 135.863800 145.075300 120.755000
181.990300 136.890800 146.563400 121.591400
183.746700 137.844100 148.008100 122.419100
185.502900 138.752600 149.444100 123.130900
187.316700 139.650000 150.713300 123.699300
189.197800 140.526600 152.072500 124.310900
191.166700 141.381000 153.711500 125.099300
193.245000 142.204500 155.093000 125.511900
195.460000 143.026300 156.617900 126.018600
197.772100 143.833600 157.765900 126.143500
200.145100 144.607400 158.799400 126.303800
202.692400 145.397600 160.128500 126.418200
205.249500 146.171900 161.932800 126.939500
207.860900 146.926000 163.089500 127.025700
210.549200 147.643600 164.617600 127.138900
213.300400 148.348200 166.795600 127.953800
216.084100 149.048900 168.340100 128.046200
218.860300 149.726200 170.127800 128.286500
221.644800 150.382100 171.786800 128.350700
224.412100 151.021800 173.084100 128.471200
227.167600 151.643200 174.276700 128.136400
229.918900 152.230300 175.968700 128.321400
232.689500 152.785800 177.717400 128.390700
235.449300 153.313200 179.670400 128.438400
238.199800 153.803200 182.138700 129.118700
240.934200 154.256400 184.385000 129.494400
243.668800 154.668400 186.959800 129.988700
246.368400 155.041200 189.147400 130.254200
249.069800 155.358200 191.105600 130.303900
251.725900 155.632800 193.500200 130.486400
254.402400 155.881300 195.513700 130.753300
257.042800 156.089700 197.465500 131.147300
259.660100 156.224000 199.076400 131.340000
262.271700 156.315800 200.875900 131.343700
264.865700 156.356900 202.237300 131.270800
267.459400 156.359600 203.621700 131.176900
270.039500 156.343700 205.304900 131.048400
272.588200 156.330000 207.020400 130.929100
275.056200 156.330100 208.828600 130.865600
277.448400 156.359600 210.497400 130.890000
279.738200 156.429500 212.267100 130.876200
281.938200 156.520200 213.741700 130.896100
284.012100 156.634000 215.257200 130.945500
285.967000 156.761600 216.725600 130.983300
287.810800 156.898300 218.144100 131.080700
289.549300 157.041600 219.417600 131.139800
291.199000 157.180400 220.561500 131.217000
292.759600 157.324200 221.641400 131.231000
294.237400 157.467800 222.595700 131.189900
295.702000 157.617000 223.368600 131.022700
297.209000 157.765400 223.792400 130.585900
298.767900 157.889400 224.761500 130.316900
300.432800 158.016900 225.834500 130.217900
302.189300 158.141600 226.976500 130.035500
304.038500 158.267800 227.999200 129.793300
305.995200 158.405700 229.003900 129.551300
308.048700 158.531900 230.119200 129.290600
310.174500 158.661100 231.140000 129.078700
312.381400 158.771100 232.730000 128.940800
314.676200 158.867600 233.571400 128.632900
317.037300 158.975500 235.214800 128.596800
319.477900 159.096700 236.580000 128.565500
321.983300 159.231700 238.248200 128.596300
324.556700 159.385400 239.904000 128.610300
327.199000 159.561700 241.811900 128.652100
329.888000 159.763100 243.503000 128.686800
332.606500 159.992500 245.144200 128.754600
335.346200 160.242300 246.327900 128.671600
338.087800 160.502200 247.591900 128.563700
340.808300 160.751300 248.654200 128.452700
343.520500 160.989100 250.366100 128.507400
346.223500 161.227200 252.506800 128.613300
348.906500 161.474100 254.546600 128.718600
351.590100 161.717700 256.379300 128.813900
354.273100 161.969400 257.821900 128.837900
356.966000 162.239900 259.292100 128.979800
359.666600 162.550200 260.291000 129.150800
362.375700 162.896300 261.870500 129.410400
365.062800 163.323000 263.756800 129.772800
367.727000 163.850800 265.323100 130.141500
370.348600 164.475400 266.825200 130.511400
372.964400 165.138700 267.953000 130.864500
375.599800 165.826700 269.274800 131.192400
378.229900 166.566100 270.646400 131.568200
380.801800 167.357500 272.029800 131.985200
383.318400 168.171800 273.533900 132.483000
385.808200 169.013900 274.566400 132.747600
388.246500 169.856400 276.165300 133.000000
390.650800 170.695000 278.077500 133.407300
393.014800 171.503500 279.114700 133.299000
395.404400 172.284100 279.859800 133.124600
397.780400 173.063700 281.253000 133.233200
400.205400 173.874000 282.620200 133.046400
402.725900 174.699400 284.014400 132.928500
405.238700 175.529800 284.908100 132.795000
407.810400 176.369600 285.617500 132.802700
410.380800 177.246300 286.088700 132.769700
412.944100 178.091800 287.749500 133.128700
415.502100 178.907300 289.682400 133.407700
417.987000 179.722000 290.992800 133.567100
420.400700 180.499000 292.871200 134.022900
422.723500 181.229600 294.530200 134.448800
424.970600 181.953100 296.205100 134.979500
427.191300 182.654700 297.694500 135.001300
429.364900 183.330700 299.458200 135.182800
431.542400 184.015100 301.071800 135.488100
433.709700 184.706100 302.815200 135.710200
435.894400 185.396800 304.507400 135.922300
437.987000 186.094800 306.369000 136.297800
439.976500 186.775400 307.824200 136.710200
441.889500 187.423200 309.321500 136.931700
443.709700 188.041300 310.811400 137.234300
445.449300 188.641500 312.234400 137.450000
447.056300 189.201200 313.586300 137.622700
448.590500 189.739900 314.708100 137.945400
450.015000 190.249300 315.905600 138.238900
451.352700 190.721500 317.010300 138.529800
452.596100 191.161200 318.025700 138.834400
453.710200 191.550200 319.112400 139.030100
454.731200 191.911400 319.941300 139.281500
455.653200 192.246800 320.912300 139.332300
456.505300 192.533700 321.733600 139.419300
457.319300 192.826200 322.508600 139.657900
458.109900 193.111500 323.296200 139.929700
458.896600 193.410900 324.053500 140.320100
459.697700 193.760100 324.916600 140.659100
460.531700 194.165900 325.663800 141.419800
461.370300 194.631800 326.456900 142.051600
462.158600 195.139900 327.154600 142.791200
462.899600 195.612800 327.890000 143.156000
463.586200 195.962000 328.692100 143.321200
464.354300 196.273600 329.642700 143.311500
465.139400 196.550800 330.526000 143.344600
465.948600 196.799800 331.423700 143.334300
466.714000 197.006300 332.234800 143.432500
467.409700 197.209000 332.999100 143.571400
468.004600 197.427000 333.599300 143.759100
468.491000 197.643300 334.049500 144.062800
468.884200 197.788300 334.390600 144.270200
469.204000 197.984300 334.695200 144.519100
469.473000 198.134800 334.890600 144.721500
469.708700 198.262200 335.104700 144.912300
469.857800 198.400100 335.300800 145.075400
469.984600 198.505100 335.435400 145.204900
470.093200 198.600100 335.543800 145.319400
