0 0.001968 0.024243 100.000000 6.289308
0 0.001231 0.101832 200.000000 6.666667
0 0.001018 0.143270 300.000000 7.194244
0 0.000724 0.168768 400.000000 7.312614
0 0.000591 0.182548 500.000000 7.587254
10 0.001930 0.035715 100.000000 6.211180
10 0.001236 0.102848 200.000000 6.666667
10 0.000961 0.141253 300.000000 7.194244
10 0.000683 0.163637 400.000000 7.299270
10 0.000572 0.174950 500.000000 7.575758
20 0.001882 0.052334 100.000000 6.134969
20 0.001275 0.106544 200.000000 6.666667
20 0.000913 0.142313 300.000000 7.194244
20 0.000659 0.161158 400.000000 7.299270
20 0.000560 0.170062 500.000000 7.552870
30 0.001906 0.068130 100.000000 5.952381
30 0.001281 0.115187 200.000000 6.688963
30 0.000881 0.145944 300.000000 7.211538
30 0.000632 0.160503 400.000000 7.312614
30 0.000561 0.166731 500.000000 7.541478
40 0.001858 0.067759 100.000000 5.847953
40 0.001270 0.114932 200.000000 6.734007
40 0.000846 0.142854 300.000000 7.246377
40 0.000616 0.156861 400.000000 7.326007
40 0.000561 0.161248 500.000000 7.518797
50 0.001697 0.061413 100.000000 5.847953
50 0.001198 0.108174 200.000000 6.779661
50 0.000787 0.133486 300.000000 7.281553
50 0.000582 0.144747 400.000000 7.366483
50 0.000561 0.149108 500.000000 7.485030
60 0.001652 0.062623 100.000000 5.988024
60 0.001182 0.108027 200.000000 6.896552
60 0.000756 0.131816 300.000000 7.352941
60 0.000545 0.139792 400.000000 7.434944
60 0.000547 0.140392 500.000000 7.429420
70 0.001622 0.065332 100.000000 6.211180
70 0.001164 0.109338 200.000000 7.042253
70 0.000736 0.128949 300.000000 7.481297
70 0.000527 0.138128 400.000000 7.518797
70 0.000540 0.136513 500.000000 7.418397
80 0.001427 0.064131 100.000000 6.451613
80 0.001080 0.100339 200.000000 7.220217
80 0.000679 0.117836 300.000000 7.614213
80 0.000498 0.125022 400.000000 7.619048
80 0.000563 0.123934 500.000000 7.440476
90 0.001127 0.054983 100.000000 6.711410
90 0.000915 0.080005 200.000000 7.380074
90 0.000587 0.094931 300.000000 7.751938
90 0.000450 0.098509 400.000000 7.722008
90 0.000567 0.096147 500.000000 7.440476
100 0.000793 0.049388 100.000000 6.896552
100 0.000712 0.052956 200.000000 7.518797
100 0.000502 0.067526 300.000000 7.832898
100 0.000417 0.067864 400.000000 7.797271
100 0.000609 0.070842 500.000000 7.342144
110 0.000704 0.030632 100.000000 6.896552
110 0.000651 0.040696 200.000000 7.547170
110 0.000501 0.054924 300.000000 7.894737
110 0.000433 0.060697 400.000000 7.858546
120 0.000605 0.028754 100.000000 6.849315
120 0.000610 0.037702 200.000000 7.575758
120 0.000488 0.048852 300.000000 7.894737
120 0.000434 0.055522 400.000000 7.905138
130 0.000530 0.014686 100.000000 6.849315
130 0.000548 0.027905 200.000000 7.575758
130 0.000480 0.038966 300.000000 7.812500
130 0.000439 0.050552 400.000000 7.920792
140 0.000542 0.018002 100.000000 6.896552
140 0.000506 0.024454 200.000000 7.633588
140 0.000462 0.037302 300.000000 7.751938
140 0.000450 0.042990 400.000000 7.936508
150 0.000552 0.017806 100.000000 6.993007
150 0.000529 0.037396 200.000000 7.662835
150 0.000464 0.036683 300.000000 7.712082
150 0.000464 0.043212 400.000000 7.968128
160 0.000530 0.017425 100.000000 7.042253
160 0.000531 0.035140 200.000000 7.722008
160 0.000436 0.038655 300.000000 7.712082
160 0.000459 0.044037 400.000000 7.984032
170 0.000546 0.017630 100.000000 7.142857
170 0.000487 0.033473 200.000000 7.782101
170 0.000415 0.030610 300.000000 7.731959
170 0.000475 0.039110 400.000000 8.000000
180 0.000617 0.019484 100.000000 7.246377
180 0.000454 0.026717 200.000000 7.843137
180 0.000410 0.028688 300.000000 7.772021
180 0.000480 0.033783 400.000000 8.000000
190 0.000679 0.023198 100.000000 7.407407
190 0.000418 0.028174 200.000000 7.936508
190 0.000392 0.025451 300.000000 7.832898
190 0.000512 0.030406 400.000000 8.032128
200 0.000682 0.028978 100.000000 7.575758
200 0.000384 0.024229 200.000000 8.064516
200 0.000401 0.020328 300.000000 7.915567
200 0.000602 0.029352 400.000000 8.064516
210 0.000743 0.032580 100.000000 7.812500
210 0.000376 0.026243 200.000000 8.163265
210 0.000395 0.023216 300.000000 7.978724
210 0.000594 0.028765 400.000000 8.080808
220 0.000767 0.025929 100.000000 8.000000
220 0.000401 0.031040 200.000000 8.264462
220 0.000394 0.023221 300.000000 8.021390
220 0.000622 0.032798 400.000000 8.016032
230 0.000774 0.024574 100.000000 8.064516
230 0.000401 0.033134 200.000000 8.298756
230 0.000398 0.020494 300.000000 8.064516
230 0.000661 0.032193 400.000000 7.782101
240 0.000754 0.030746 100.000000 8.130081
240 0.000419 0.039935 200.000000 8.368201
240 0.000400 0.021935 300.000000 8.108109
240 0.000667 0.031919 400.000000 7.575758
250 0.000771 0.033405 100.000000 8.196721
250 0.000455 0.042237 200.000000 8.438819
250 0.000411 0.023893 300.000000 8.174387
260 0.000805 0.037732 100.000000 8.333333
260 0.000453 0.046353 200.000000 8.510638
260 0.000416 0.030260 300.000000 8.264462
270 0.000737 0.040297 100.000000 8.333333
270 0.000462 0.037924 200.000000 8.438819
270 0.000433 0.027426 300.000000 8.310249
280 0.000669 0.043418 100.000000 8.403361
280 0.000463 0.035477 200.000000 8.230453
280 0.000460 0.024231 300.000000 8.333333
290 0.000624 0.061541 100.000000 8.403361
290 0.000477 0.027719 200.000000 8.130081
290 0.000503 0.026117 300.000000 8.333333
300 0.000594 0.054034 100.000000 8.403361
300 0.000493 0.031247 200.000000 8.064516
300 0.000555 0.030411 300.000000 8.310249
310 0.000396 0.047601 100.000000 8.403361
310 0.000545 0.040436 200.000000 8.000000
310 0.000643 0.039701 300.000000 8.287292
320 0.000377 0.062734 100.000000 8.474576
320 0.000643 0.057294 200.000000 8.000000
320 0.000734 0.063826 300.000000 8.241758
330 0.000531 0.073007 100.000000 8.474576
330 0.000684 0.065878 200.000000 8.032128
330 0.000915 0.082011 300.000000 8.196721
340 0.000832 0.085179 100.000000 8.474576
340 0.000714 0.080977 200.000000 8.000000
340 0.000939 0.098715 300.000000 8.064516
350 0.000868 0.092579 100.000000 8.403361
350 0.000733 0.080228 200.000000 8.000000
350 0.000966 0.105830 300.000000 7.751938
360 0.000972 0.092682 100.000000 8.474576
360 0.000761 0.077571 200.000000 8.032128
360 0.001051 0.107318 300.000000 7.425743
370 0.001081 0.097882 100.000000 8.547009
370 0.000788 0.082466 200.000000 8.130081
380 0.001104 0.092036 100.000000 8.547009
380 0.000820 0.089119 200.000000 8.196721
390 0.001138 0.068078 100.000000 8.333333
390 0.000828 0.084909 200.000000 8.230453
400 0.001109 0.053763 100.000000 7.936508
400 0.000849 0.072867 200.000000 8.230453
410 0.001152 0.041573 100.000000 7.692307
410 0.000894 0.070173 200.000000 8.230453
420 0.001149 0.047771 100.000000 7.575758
420 0.000952 0.073178 200.000000 8.196721
430 0.001114 0.062279 100.000000 7.518797
430 0.000970 0.069352 200.000000 8.163265
440 0.001146 0.051637 100.000000 7.518797
440 0.001071 0.068694 200.000000 8.064516
450 0.001049 0.050048 100.000000 7.518797
450 0.001219 0.067454 200.000000 7.968128
460 0.000668 0.038123 100.000000 7.518797
460 0.001082 0.058233 200.000000 7.751938
470 0.000673 0.026761 100.000000 7.575758
470 0.001176 0.060707 200.000000 7.272727
480 0.000552 0.033849 100.000000 7.575758
480 0.001117 0.058896 200.000000 6.756757
490 0.000544 0.024833 100.000000 7.692307
500 0.000555 0.026671 100.000000 7.874016
510 0.000548 0.031860 100.000000 8.064516
520 0.000604 0.027097 100.000000 8.333333
530 0.000651 0.037000 100.000000 8.547009
540 0.000711 0.027278 100.000000 8.771930
550 0.000802 0.032068 100.000000 8.849558
560 0.000906 0.033893 100.000000 8.771930
570 0.001029 0.037321 100.000000 8.620689
580 0.001367 0.051141 100.000000 8.403361
590 0.001462 0.054859 100.000000 8.000000
600 0.001567 0.057684 100.000000 6.993007
610 0.001646 0.070038 100.000000 6.060606
