-0.000000 0.000000 0.000000 0.000000
0.002038 3.941730 -0.145622 4.165948
0.007571 7.908775 -0.074429 7.503066
0.006781 11.904260 -0.247540 11.297550
-0.005852 15.930660 -0.234329 14.356710
0.005006 19.986700 0.096106 17.939040
-0.007369 24.072100 -0.060593 20.715550
0.001962 28.194720 0.029535 23.766910
0.006827 32.335310 0.283803 26.847490
0.012119 36.507890 0.047324 30.291620
0.019429 40.704370 0.249260 33.168050
0.026224 44.928210 0.256066 36.579370
0.033592 49.179630 0.310147 39.985260
0.025370 53.457160 0.427776 42.474010
0.013229 57.745500 0.941426 45.296430
0.002764 62.027950 0.986330 48.331990
-0.005954 66.289400 0.783679 50.639210
-0.027023 70.530000 0.804314 53.529350
-0.046776 74.742450 0.647530 55.881360
-0.052873 78.934960 0.642282 59.553180
-0.048388 83.097210 0.802419 61.655490
-0.075180 87.250150 0.695260 64.515560
-0.111047 91.375240 0.923905 66.745500
-0.169705 95.460760 1.050551 70.068210
-0.234406 99.515130 1.060822 72.854690
-0.286760 103.545900 1.146429 75.470250
-0.334309 107.565300 1.304131 78.964350
-0.394315 111.576600 1.471154 82.526650
-0.429590 115.560100 1.618552 85.441440
-0.430614 119.561300 1.628365 88.529420
-0.456074 123.624200 1.656105 92.364760
-0.470849 127.692500 1.656242 96.421390
-0.470125 131.755700 1.948124 98.675300
-0.466120 135.814600 2.299854 102.264400
-0.464181 139.862600 1.832594 107.446500
-0.474702 143.909900 2.263669 110.160500
-0.484415 147.953800 2.278022 112.913000
-0.497985 151.991700 2.337280 116.677300
-0.518837 156.032900 2.580629 119.160500
-0.490889 160.078600 2.363143 123.092900
-0.476780 164.129500 2.215130 126.380900
-0.449484 168.200000 2.251799 129.402000
-0.411154 172.284100 2.215693 133.843200
-0.358878 176.408600 2.210446 138.136700
-0.313655 180.542000 2.253378 142.189600
-0.318656 184.703900 2.400364 145.135700
-0.308933 188.900300 2.636566 147.331500
-0.300756 193.121300 3.005933 150.746200
-0.295505 197.380900 3.255129 153.190000
-0.332199 201.657300 3.653939 157.674900
-0.348136 205.970400 3.551598 161.653000
-0.342964 210.323200 3.781734 164.332900
-0.357581 214.714200 4.286233 167.078400
-0.360488 219.141900 4.816916 170.655900
-0.375507 223.589400 5.045687 174.260400
-0.378527 228.060200 5.389449 177.044100
-0.374570 232.542100 5.671953 180.233200
-0.378408 237.044600 6.009197 183.640000
-0.382092 241.571200 6.323299 186.165300
-0.377078 246.123100 6.821728 189.593000
-0.365894 250.696400 7.466448 192.537800
-0.356528 255.288500 7.244561 197.503800
-0.340799 259.900300 8.507377 199.518400
-0.325374 264.511300 9.467117 203.348600
-0.317394 269.137700 10.215770 208.980700
-0.314040 273.764900 10.714450 212.148700
-0.306203 278.395200 11.368410 215.979800
-0.276490 283.049800 12.591970 219.990500
-0.230158 287.699900 13.467480 224.784000
-0.192693 292.369200 14.124360 229.788400
-0.168171 297.072300 14.919070 235.124300
-0.143657 301.821100 15.729610 239.955400
-0.111308 306.608600 16.998820 245.108100
-0.093249 311.433100 17.699270 249.504000
-0.107981 316.295300 17.953630 254.988400
-0.103970 321.182300 18.782800 258.048500
-0.096484 326.068200 19.393170 262.809500
-0.074427 330.950800 19.555950 266.978800
-0.054350 335.802400 19.518970 271.190900
-0.042570 340.628700 19.468560 275.497500
-0.035147 345.452500 19.950480 281.600000
-0.041563 350.253200 20.811590 285.137100
-0.075066 355.037900 21.667960 289.691300
-0.109101 359.812500 22.648900 294.034600
-0.141995 364.586700 23.430750 299.378900
-0.185891 369.386600 24.286240 304.095900
-0.237813 374.225300 24.480380 308.176900
-0.270401 378.992900 25.775810 310.354000
-0.296087 383.840800 26.261200 314.218800
-0.316454 388.685700 26.221360 317.559400
-0.323790 393.557900 27.250780 322.086900
