0.000000 0.000000 0.000000 0.000000
-0.041803 3.575628 -0.109366 3.757142
-0.083626 7.152769 0.422234 7.858029
-0.125431 10.728320 0.952593 10.440200
-0.167141 14.303480 1.022119 13.864170
-0.208176 17.881040 1.415795 16.301850
-0.253156 21.464680 1.176018 18.695550
-0.307115 25.046840 1.539333 20.127330
-0.367798 28.637120 0.886687 23.982020
-0.435716 32.231930 1.636555 26.341250
-0.509819 35.812560 2.173220 29.296660
-0.590462 39.405490 2.231733 31.689400
-0.675668 42.995920 1.950481 34.489840
-0.761728 46.596120 2.260033 37.803450
-0.822002 50.203480 2.186934 42.152790
-0.875378 53.811250 2.863631 44.950920
-0.933231 57.427770 2.629747 47.825120
-1.006715 61.042090 2.416932 51.435730
-1.078473 64.647550 3.067252 52.802880
-1.157680 68.241070 3.607061 54.694460
-1.243226 71.816000 3.970907 56.836120
-1.310252 75.365540 4.034345 60.087610
-1.337950 78.894600 4.890986 61.434240
-1.335651 82.399130 5.221613 63.286330
-1.292993 85.876960 5.282052 67.290530
-1.216671 89.333360 4.932739 70.829390
-1.101750 92.791290 5.331887 72.645590
-0.953966 96.255380 8.813432 72.139310
-0.782045 99.739680 8.680060 75.537870
-0.607718 103.278800 8.579844 79.881250
-0.448327 106.867200 9.094184 83.988210
-0.329075 110.491600 10.146790 89.249900
-0.253779 114.142500 10.501590 91.961870
-0.232571 117.811600 10.228830 95.761400
-0.256232 121.501300 9.769602 100.160200
-0.297015 125.224100 9.311212 106.234400
-0.353204 128.969900 8.854108 109.744200
-0.397623 132.733500 7.358268 116.248600
-0.443887 136.522600 7.181706 120.704500
-0.490815 140.330600 6.668309 124.234000
-0.550146 144.153000 7.077188 128.438200
-0.601569 147.961100 5.880968 131.677700
-0.649286 151.756200 5.607602 134.879700
-0.703475 155.553300 5.649733 138.195600
-0.758140 159.342200 5.697436 142.370500
-0.821014 163.126200 5.435019 147.439900
-0.891591 166.914300 5.072790 150.642200
-0.968255 170.704700 4.806636 155.323500
-1.053647 174.498300 4.692753 158.856600
-1.140940 178.289100 4.038918 163.008400
-1.220912 182.072200 3.734617 166.926300
-1.311919 185.843100 3.467741 171.140100
-1.400872 189.585600 3.526875 173.586200
-1.482347 193.303500 2.832374 176.216600
-1.543340 196.981600 2.805408 180.015000
-1.593225 200.619200 1.958592 183.658500
-1.629855 204.203300 2.189157 187.157200
-1.655974 207.709400 1.741248 190.055700
-1.680916 211.093700 1.395916 193.152100
-1.717659 214.345300 1.196606 196.411900
-1.758097 217.485400 1.270790 199.272600
-1.820190 220.495000 1.082371 201.871200
-1.900504 223.322800 0.634284 205.412800
-1.999321 225.946200 0.831320 208.635800
-2.113952 228.382000 0.036974 212.178800
-2.215172 230.657700 0.500094 215.440200
-2.309140 232.838300 0.357414 217.227400
-2.389577 234.991500 -0.260335 219.658000
-2.458270 237.111600 -0.890952 222.102300
-2.501543 239.199900 -1.326284 224.545600
-2.528203 241.263900 -2.132849 226.794700
-2.543393 243.355900 -2.508182 228.459300
-2.546619 245.471500 -1.489213 227.642300
-2.542056 247.635900 -0.762348 230.063800
-2.540944 249.857300 -1.456126 232.245200
-2.529475 252.145000 -1.471286 233.300600
-2.522827 254.510700 -1.765273 234.963200
-2.495854 256.929600 -2.514473 238.456800
-2.426274 259.429500 -2.434283 239.606500
-2.347909 261.939800 -2.199917 243.585500
-2.249292 264.463100 -2.059614 246.201600
-2.120601 266.988600 -2.182677 248.223700
-1.972336 269.529300 -2.763518 249.500300
-1.829452 272.089100 -2.884217 249.461200
-1.700845 274.651100 -3.351951 251.772500
-1.585579 277.203700 -3.445022 253.730500
-1.489305 279.735400 -3.757936 256.014900
-1.431895 282.203100 -3.968770 258.114800
-1.411252 284.555300 -4.230543 258.234800
-1.423417 286.744000 -5.142213 260.613600
-1.477649 288.751100 -6.240808 262.471300
-1.597157 290.628100 -7.352339 264.123000
-1.834488 292.379000 -8.700451 264.768100
-2.209538 293.998100 -9.677847 264.502800
-2.739392 295.466700 -10.573270 265.298400
-3.425572 296.782800 -12.240060 257.041700
-4.268559 297.943900 -12.989730 251.924200
-5.270323 298.869400 -13.538740 251.584200
-6.404391 299.609200 -14.371620 252.257100
-7.620091 300.061900 -14.971630 253.209600
-8.849753 300.287300 -15.652830 252.562800
-10.136050 300.271200 -16.482580 251.967700
-11.487940 299.994100 -17.269300 251.259600
-12.859800 299.433800 -18.812580 250.998600
-14.212510 298.521900 -19.870080 249.800000
-15.569170 297.360100 -21.110510 248.372100
-16.903920 295.876600 -22.542220 247.013100
-18.123430 294.046700 -23.564840 245.674300
-19.213810 291.862500 -24.643690 243.513900
-20.129220 289.390500 -24.990450 241.819500
-20.811550 286.620800 -25.372570 238.715600
-21.226910 283.593100 -25.199030 234.120000
-21.383580 280.311200 -25.358100 232.307000
-21.289760 276.829500 -25.612310 228.265600
-21.001900 273.207500 -24.801090 226.854900
-20.665910 269.427900 -25.072430 221.553800
-20.345860 265.509700 -24.889610 219.961200
-20.070850 261.517300 -24.704970 217.137300
-19.855300 257.511300 -25.034430 213.960800
-19.703440 253.474600 -24.773810 210.119400
-19.613680 249.416200 -24.903530 205.515800
-19.551340 245.338200 -25.983270 202.848000
-19.513830 241.222400 -25.795030 197.588200
-19.480990 237.073200 -25.879690 193.522600
-19.430400 232.892800 -25.810570 190.269800
-19.355550 228.687700 -26.549010 187.517600
-19.288210 224.454100 -26.735280 184.426900
-19.214900 220.186300 -26.974700 180.207700
-19.140510 215.891500 -27.223940 176.509800
-19.053200 211.570300 -27.570960 174.279700
-18.960210 207.218600 -28.096350 169.157900
-18.864760 202.831800 -28.459950 165.391600
-18.780810 198.440400 -28.220740 162.220500
-18.697180 194.055600 -29.421780 160.407100
-18.628490 189.691500 -28.781180 156.016500
-18.576860 185.352500 -29.069870 152.655700
-18.533400 181.031600 -29.672510 149.966600
-18.510720 176.750700 -30.018140 146.958800
-18.518290 172.537500 -30.737810 144.062900
-18.551690 168.447100 -30.952480 140.555600
-18.605030 164.539000 -31.805180 136.901700
-18.662110 160.837100 -32.513600 134.454900
-18.717150 157.359800 -32.637400 130.128100
-18.762310 154.117300 -32.614040 126.625300
-18.804370 151.111100 -32.858150 124.227700
-18.837660 148.339300 -32.748240 121.664900
-18.862790 145.753800 -32.490310 117.879900
-18.886270 143.302400 -32.834020 116.444900
-18.908720 140.992900 -33.242430 114.304700
-18.926770 138.765400 -33.456780 112.416000
-18.954640 136.621400 -33.508050 110.242100
-18.979110 134.516900 -34.002310 107.765500
-19.003890 132.428600 -34.284210 105.440800
-19.011690 130.377400 -33.919350 101.969200
-19.029680 128.286700 -33.409140 98.392620
-19.040930 126.090400 -33.449280 96.073300
-19.033980 123.792800 -34.396390 94.349010
-19.007880 121.337200 -35.080070 91.079030
-18.962360 118.740400 -35.407040 89.305270
-18.881640 115.984300 -35.767450 86.721470
-18.762610 113.072100 -35.718090 83.626430
-18.592730 110.010400 -35.941630 81.313130
-18.389740 106.796500 -36.548260 78.136950
-18.187250 103.411100 -35.793820 74.175070
-17.972000 99.881710 -38.076540 73.753640
-17.753740 96.208550 -38.575570 70.400490
-17.543660 92.393230 -38.396530 66.688620
-17.350650 88.454130 -38.984750 64.425030
-17.188340 84.351710 -39.694270 62.318330
-17.048280 80.126460 -39.760690 59.866240
-16.938900 75.757520 -39.022850 56.119750
-16.844870 71.334520 -40.628150 54.155460
-16.779170 66.924620 -40.695430 49.958720
-16.723740 62.522540 -40.770970 47.439200
-16.677280 58.118530 -42.831620 46.119330
-16.622860 53.735190 -43.164550 44.016940
-16.554460 49.366830 -43.097390 39.783420
-16.478250 45.013820 -43.169370 37.336480
-16.401830 40.697890 -43.468140 33.079260
-16.332450 36.396840 -43.473540 29.824270
-16.264000 32.124710 -43.326580 25.824620
-16.212760 27.867600 -45.385330 28.019510
-16.153630 23.646100 -45.198380 25.008530
-16.100440 19.472550 -45.182720 21.293490
-16.057300 15.332990 -45.517590 18.601830
-15.999870 11.221520 -45.477140 15.146270
-15.957640 7.122797 -46.346420 11.495210
-15.925900 3.038918 -47.502300 10.515620
-15.871210 -1.063172 -48.485350 8.959661
-15.823200 -5.192326 -48.604350 5.762996
-15.773900 -9.357139 -48.219310 1.750325
-15.722330 -13.547460 -47.978500 -0.726339
-15.675190 -17.764350 -47.529320 -7.224810
-15.629860 -22.003930 -47.283310 -11.695380
-15.590270 -26.267830 -47.780480 -13.045840
-15.536760 -30.547830 -48.194940 -17.432050
-15.493260 -34.819990 -47.679970 -20.072400
-15.444100 -39.082170 -48.005220 -24.149280
-15.392450 -43.322590 -47.753070 -28.060000
-15.337830 -47.537950 -47.752190 -30.421520
-15.276960 -51.748500 -47.686910 -33.757000
-15.217710 -55.949500 -48.395200 -37.270500
-15.170080 -60.150690 -48.428900 -40.046850
-15.128010 -64.350760 -48.756870 -40.066520
-15.091410 -68.538780 -49.427250 -42.550530
-15.064380 -72.708390 -49.340640 -49.162700
-15.030840 -76.856420 -48.868430 -53.032500
-14.979300 -80.953600 -48.381570 -56.955650
-14.924670 -85.034950 -49.420190 -58.379770
-14.873980 -89.070400 -49.369800 -64.333700
-14.824260 -93.076720 -49.124260 -68.379580
-14.787030 -97.045510 -49.698030 -70.131910
-14.758540 -100.983800 -49.782520 -72.998420
-14.739600 -104.892000 -49.935230 -74.956610
-14.728240 -108.762900 -49.820430 -80.761150
-14.724790 -112.605400 -49.866450 -81.979640
-14.717800 -116.411100 -51.036560 -83.010890
-14.709830 -120.173400 -50.409360 -90.583090
-14.700540 -123.867100 -50.706930 -92.841670
-14.698520 -127.485200 -50.168210 -94.964090
-14.712330 -131.008900 -49.912320 -97.983760
-14.733340 -134.417400 -49.443340 -99.391450
-14.752330 -137.654200 -50.488990 -101.510300
-14.773570 -140.676300 -50.460860 -106.047300
-14.808450 -143.452200 -50.807790 -109.358600
-14.818770 -145.963300 -50.764490 -113.021700
-14.688160 -148.224500 -50.311990 -115.505100
-14.364200 -150.225000 -49.294050 -116.572100
-13.833420 -151.950400 -47.922950 -117.007800
-13.082430 -153.424000 -46.855450 -115.529000
-12.093300 -154.666400 -45.533210 -111.850800
-10.901070 -155.630100 -45.166300 -111.740600
-9.567123 -156.277800 -43.839540 -114.734600
-8.174402 -156.635100 -43.113670 -117.735100
-6.734167 -156.651000 -42.536980 -119.360300
-5.261917 -156.393600 -43.007820 -117.796700
-3.838336 -155.807800 -42.153440 -117.402700
-2.480572 -154.890600 -40.559170 -117.600800
-1.268487 -153.640100 -38.685490 -117.933100
-0.226137 -152.060600 -38.687560 -115.896900
0.552355 -150.216600 -37.991410 -114.977100
1.048250 -148.112500 -37.726940 -113.409400
1.348496 -145.760400 -36.915600 -111.320400
1.463451 -143.197700 -36.336100 -108.282600
1.471319 -140.450900 -35.988580 -105.255000
1.499366 -137.518100 -35.240910 -101.589700
1.504501 -134.421900 -34.350350 -99.928960
1.498560 -131.160300 -35.197010 -93.744590
1.470024 -127.744100 -34.294590 -90.620860
1.436723 -124.185000 -33.801590 -86.079410
1.413177 -120.491700 -33.297360 -83.089870
1.405768 -116.657200 -33.150890 -78.853420
1.385028 -112.695000 -32.427750 -76.130040
1.330549 -108.592800 -31.965120 -72.253150
1.259616 -104.367900 -30.607250 -69.878430
1.170075 -100.007600 -28.954260 -66.537990
1.089274 -95.515710 -28.048360 -63.361680
1.009148 -90.982260 -27.949800 -57.451470
0.939998 -86.466900 -26.601300 -55.777590
0.883448 -81.949500 -25.901040 -50.756180
0.838174 -77.439600 -25.276390 -46.740050
0.800315 -72.936360 -24.227860 -42.888230
0.745043 -68.462600 -23.316880 -38.388330
0.694630 -64.005150 -23.021050 -33.276230
0.637038 -59.575570 -22.564250 -30.086560
0.557118 -55.160600 -22.080220 -25.544060
0.456132 -50.778540 -21.913780 -21.380170
0.362164 -46.417970 -21.727540 -17.384220
0.280628 -42.079120 -21.273650 -12.680730
0.202969 -37.762520 -20.831480 -9.878147
0.132669 -33.463810 -19.788740 -6.791752
0.084829 -29.193990 -19.392200 -2.451085
0.052569 -24.947680 -17.937840 0.627280
0.032329 -20.738440 -16.976540 3.095831
0.025161 -16.550260 -16.047520 6.023736
0.021588 -12.403820 -15.577810 9.632445
-0.000537 -8.285137 -15.363940 14.083970
-0.031141 -4.183286 -14.756900 16.842960
-0.072897 -0.090700 -14.383410 22.164240
-0.117565 3.988036 -14.888380 26.626190
-0.160177 8.059835 -13.577010 28.628200
-0.208154 12.123170 -13.242090 32.106770
-0.248220 16.180930 -13.056190 38.020460
-0.283357 20.233300 -12.626710 39.067090
-0.323376 24.273080 -11.456870 39.981460
-0.367457 28.293060 -11.945240 42.648150
-0.413998 32.282480 -11.052690 43.981750
-0.451537 36.243360 -10.166460 48.005360
-0.483912 40.173770 -9.994989 50.809180
-0.534623 44.076020 -9.835983 55.724530
-0.599992 47.961110 -9.439352 58.993010
-0.674006 51.810410 -8.439720 61.886380
-0.762477 55.629480 -8.468655 66.188990
-0.859787 59.434080 -8.361091 69.022030
-0.962179 63.207400 -8.189460 73.111280
-1.068654 66.953700 -7.780830 76.611360
-1.188155 70.668750 -7.736734 78.763950
-1.293464 74.341090 -7.671158 81.846150
-1.359396 77.886940 -7.510600 85.314410
-1.402951 81.267680 -6.869802 86.978940
-1.402636 84.557510 -6.994720 90.866660
-1.391329 87.836530 -7.030050 94.165180
-1.372397 91.075680 -6.979248 96.994330
-1.348852 94.282140 -6.160151 98.727930
-1.346362 97.452060 -4.271774 99.903470
-1.397412 100.636400 -4.228891 104.287500
-1.507808 103.868200 -3.861962 108.298200
-1.686244 107.147500 -3.548498 111.810300
-1.855701 110.482100 -3.014600 115.535900
-1.949092 113.881100 -2.602119 119.636400
-1.940135 117.341400 -2.457044 123.730100
-1.833080 120.865900 -2.496951 127.837300
-1.665951 124.465900 -2.478782 132.594100
-1.454190 128.142800 -2.334930 137.122800
-1.212752 131.910500 -2.087797 140.844600
-0.998254 135.780800 -1.244395 144.510400
-0.860070 139.749100 -1.604817 148.795200
-0.808213 143.817500 -1.012676 153.706400
-0.818199 147.962100 -3.388570 157.840300
-0.863698 152.201700 -3.260311 160.850600
-0.925229 156.508200 -2.673812 165.062600
-1.007339 160.831700 -1.440775 169.331100
-1.112662 165.144700 -1.886573 173.047000
-1.225583 169.454500 -1.021865 177.823800
-1.333194 173.746700 -1.064492 181.096300
-1.427528 178.011200 -0.915399 185.380800
-1.498241 182.250200 -0.617223 190.692000
-1.559212 186.455600 0.989101 193.097700
-1.603074 190.634400 -0.003554 196.483800
-1.633867 194.776400 0.446383 200.305200
-1.669867 198.889600 0.228770 204.601000
-1.705984 202.969800 -0.539013 207.856000
-1.737778 207.012200 -0.433352 211.159700
-1.768399 211.025100 -0.264772 214.588900
-1.802728 214.966700 -0.560865 218.075000
-1.842513 218.742600 -0.780686 220.668500
-1.895168 222.285200 -0.500855 224.028100
-1.971966 225.567200 0.015419 228.366900
-2.073778 228.574200 -0.035362 230.945900
-2.174190 231.286800 1.078534 234.733300
-2.280068 233.718900 1.110666 236.697100
-2.372559 236.037200 1.033329 238.837800
-2.421540 238.338400 0.738760 240.958100
-2.457471 240.613800 0.918601 243.025700
-2.477940 242.858500 0.887035 244.778200
-2.487604 245.075200 0.676329 246.789400
-2.497272 247.315700 -0.377983 248.827400
-2.506486 249.599100 1.139175 249.598400
-2.503453 251.921600 1.236372 251.007900
-2.498934 254.303700 1.478094 252.741500
-2.475778 256.706800 1.308421 255.131100
-2.418788 259.175900 1.295595 256.963400
-2.357178 261.687800 0.736611 260.511300
-2.278446 264.282700 0.877576 261.646400
-2.181048 266.960400 1.419402 263.084800
-2.072995 269.711700 1.482948 264.337300
-1.977183 272.515600 1.770581 264.866300
-1.903306 275.322000 1.908867 266.352900
-1.860171 278.121700 1.015180 269.206300
-1.834878 280.906700 1.141650 270.734500
-1.820378 283.662600 0.935565 273.511000
-1.821293 286.355900 0.087268 275.069100
-1.835812 288.890500 -0.583564 277.423000
-1.843827 291.365700 -1.046562 280.320400
-1.840209 293.812200 -2.112937 281.596600
-1.823832 296.231700 -2.796681 284.291100
-1.812035 298.624300 -3.053099 288.080200
