0 0.000781 0.280762 100.000000 13.513514
0 0.000837 0.259536 200.000000 13.605442
0 0.000724 0.263566 300.000000 14.084507
10 0.000729 0.299025 100.000000 13.513514
10 0.000876 0.268240 200.000000 13.698630
10 0.000703 0.264331 300.000000 14.150944
20 0.000746 0.297869 100.000000 13.513514
20 0.000912 0.271248 200.000000 13.698630
20 0.000714 0.260446 300.000000 14.285714
30 0.000702 0.293528 100.000000 13.513514
30 0.000915 0.274528 200.000000 13.793103
30 0.000736 0.252928 300.000000 14.354067
40 0.000703 0.299903 100.000000 13.333333
40 0.000852 0.273952 200.000000 13.888889
40 0.000720 0.245101 300.000000 14.492754
50 0.000784 0.276319 100.000000 13.333333
50 0.000823 0.272373 200.000000 13.986014
50 0.000714 0.229678 300.000000 14.563107
60 0.000804 0.251032 100.000000 13.333333
60 0.000748 0.266278 200.000000 13.986014
60 0.000696 0.224744 300.000000 14.634147
70 0.000893 0.248356 100.000000 13.333333
70 0.000714 0.249178 200.000000 14.184397
80 0.001006 0.234030 100.000000 13.513514
80 0.000681 0.240393 200.000000 14.285714
90 0.001119 0.233481 100.000000 13.513514
90 0.000678 0.231254 200.000000 14.492754
100 0.001176 0.243273 100.000000 13.698630
100 0.000735 0.223389 200.000000 14.705882
110 0.001023 0.263239 100.000000 14.084507
110 0.000751 0.215683 200.000000 14.814815
120 0.000936 0.269465 100.000000 14.285714
120 0.000712 0.197067 200.000000 15.037594
130 0.000838 0.272320 100.000000 14.492754
130 0.000673 0.198541 200.000000 15.151515
140 0.000630 0.254819 100.000000 14.705882
140 0.000630 0.183655 200.000000 15.384615
150 0.000485 0.250832 100.000000 14.925373
160 0.000506 0.227170 100.000000 15.151515
170 0.000552 0.206742 100.000000 15.384615
180 0.000562 0.161997 100.000000 15.384615
190 0.000544 0.108745 100.000000 15.625000
200 0.000631 0.115872 100.000000 15.625000
