0 0.000838 0.258127 100.000000 11.627907
0 0.000845 0.087827 200.000000 12.048193
0 0.000702 0.162971 300.000000 10.273973
0 0.000551 0.093725 400.000000 10.282776
0 0.000390 0.067381 500.000000 10.330579
0 0.000289 0.050451 600.000000 10.771993
0 0.000241 0.061807 700.000000 11.128776
0 0.000228 0.067213 800.000000 10.796222
10 0.001059 0.245948 100.000000 11.627907
10 0.000962 0.087077 200.000000 12.048193
10 0.000667 0.167128 300.000000 9.771987
10 0.000549 0.094729 400.000000 10.335917
10 0.000373 0.069882 500.000000 10.309278
10 0.000307 0.058831 600.000000 10.791367
10 0.000249 0.065501 700.000000 11.146497
10 0.000222 0.065406 800.000000 10.796222
20 0.000905 0.188208 100.000000 11.764706
20 0.001016 0.072005 200.000000 11.904762
20 0.000742 0.151401 300.000000 9.615385
20 0.000547 0.076610 400.000000 10.362695
20 0.000367 0.059779 500.000000 10.330579
20 0.000291 0.063923 600.000000 10.830325
20 0.000244 0.074489 700.000000 11.164274
20 0.000238 0.068695 800.000000 10.810811
30 0.000762 0.117859 100.000000 11.764706
30 0.001114 0.047178 200.000000 11.494253
30 0.000745 0.138091 300.000000 9.615385
30 0.000539 0.061484 400.000000 10.416667
30 0.000339 0.055416 500.000000 10.373444
30 0.000274 0.069412 600.000000 10.849910
30 0.000233 0.081568 700.000000 11.164274
30 0.000217 0.065977 800.000000 10.825439
40 0.000773 0.095537 100.000000 11.904762
40 0.001163 0.044008 200.000000 11.049724
40 0.000741 0.116849 300.000000 9.615385
40 0.000515 0.057464 400.000000 10.443864
40 0.000331 0.055281 500.000000 10.416667
40 0.000257 0.074491 600.000000 10.889292
40 0.000239 0.090136 700.000000 11.164274
40 0.000208 0.066129 800.000000 10.854816
50 0.000935 0.092090 100.000000 11.904762
50 0.001190 0.052770 200.000000 10.752688
50 0.000744 0.115132 300.000000 9.646302
50 0.000519 0.056409 400.000000 10.416667
50 0.000342 0.060473 500.000000 10.438414
50 0.000249 0.079757 600.000000 10.909091
50 0.000247 0.086738 700.000000 11.093502
50 0.000211 0.063837 800.000000 10.884354
60 0.000922 0.049080 100.000000 12.048193
60 0.001180 0.038936 200.000000 10.526316
60 0.000747 0.090275 300.000000 9.708738
60 0.000538 0.051685 400.000000 10.282776
60 0.000341 0.070511 500.000000 10.482181
60 0.000248 0.095275 600.000000 10.948905
60 0.000213 0.103697 700.000000 10.869565
60 0.000221 0.070457 800.000000 10.914052
70 0.000990 0.053448 100.000000 12.048193
70 0.001176 0.030424 200.000000 10.309278
70 0.000716 0.072764 300.000000 9.740260
70 0.000541 0.054754 400.000000 10.126582
70 0.000317 0.082270 500.000000 10.526316
70 0.000251 0.106625 600.000000 10.968922
70 0.000294 0.110728 700.000000 10.719755
70 0.000223 0.074125 800.000000 10.943913
80 0.000926 0.081208 100.000000 12.195122
80 0.000975 0.031624 200.000000 9.900990
80 0.000789 0.056027 300.000000 9.803922
80 0.000554 0.064428 400.000000 10.025063
80 0.000350 0.105664 500.000000 10.570825
80 0.000259 0.127535 600.000000 11.009174
80 0.000342 0.122400 700.000000 10.654490
80 0.000255 0.082495 800.000000 10.973937
90 0.000981 0.062054 100.000000 12.195122
90 0.000635 0.120908 200.000000 9.174312
90 0.000801 0.058037 300.000000 9.868421
90 0.000546 0.070607 400.000000 10.000000
90 0.000356 0.117340 500.000000 10.593221
90 0.000254 0.131892 600.000000 11.029411
90 0.000371 0.124740 700.000000 10.654490
90 0.000252 0.077354 800.000000 11.004127
100 0.001032 0.042771 100.000000 12.048193
100 0.001140 0.120382 200.000000 8.810573
100 0.000833 0.057624 300.000000 9.933775
100 0.000518 0.085756 400.000000 10.000000
100 0.000354 0.128515 500.000000 10.615711
100 0.000246 0.139057 600.000000 11.049724
100 0.000386 0.124361 700.000000 10.654490
100 0.000254 0.072505 800.000000 11.019283
110 0.001506 0.048578 100.000000 11.363636
110 0.001229 0.144106 200.000000 8.733624
110 0.000828 0.064132 300.000000 9.966778
110 0.000494 0.088477 400.000000 10.025063
110 0.000340 0.121290 500.000000 10.638298
110 0.000248 0.138209 600.000000 11.049724
110 0.000351 0.110341 700.000000 10.670732
110 0.000257 0.065762 800.000000 11.034483
120 0.001397 0.030094 100.000000 10.416667
120 0.001251 0.135693 200.000000 8.733624
120 0.000795 0.070958 300.000000 10.000000
120 0.000474 0.100822 400.000000 10.050251
120 0.000318 0.132252 500.000000 10.660981
120 0.000235 0.145686 600.000000 11.029411
120 0.000349 0.106794 700.000000 10.703364
120 0.000255 0.061928 800.000000 11.049724
130 0.001472 0.045560 100.000000 9.803922
130 0.001238 0.119169 200.000000 8.771930
130 0.000792 0.076295 300.000000 9.966778
130 0.000462 0.112960 400.000000 10.075566
130 0.000295 0.140777 500.000000 10.683761
130 0.000231 0.150900 600.000000 10.968922
130 0.000346 0.104512 700.000000 10.719755
130 0.000249 0.057012 800.000000 11.049724
140 0.001514 0.067374 100.000000 9.345795
140 0.001279 0.128879 200.000000 8.771930
140 0.000837 0.085822 300.000000 9.803922
140 0.000481 0.124402 400.000000 10.126582
140 0.000304 0.153064 500.000000 10.706638
140 0.000305 0.162648 600.000000 10.733453
140 0.000363 0.104451 700.000000 10.752688
140 0.000264 0.053435 800.000000 11.065007
150 0.001454 0.098933 100.000000 8.928572
150 0.001242 0.117561 200.000000 8.810573
150 0.000861 0.098749 300.000000 9.584664
150 0.000466 0.142339 400.000000 10.152285
150 0.000303 0.165172 500.000000 10.729613
150 0.000459 0.165599 600.000000 10.507881
150 0.000368 0.102275 700.000000 10.769231
150 0.000264 0.049451 800.000000 11.065007
160 0.001090 0.115603 100.000000 8.264462
160 0.001253 0.109512 200.000000 8.849558
160 0.000796 0.114044 300.000000 9.404388
160 0.000447 0.156616 400.000000 10.178117
160 0.000286 0.178859 500.000000 10.752688
160 0.000508 0.167674 600.000000 10.416667
160 0.000374 0.102154 700.000000 10.802469
160 0.000259 0.049383 800.000000 11.065007
170 0.000714 0.290954 100.000000 7.299270
170 0.001269 0.111798 200.000000 8.928572
170 0.000795 0.128595 300.000000 9.375000
170 0.000447 0.178120 400.000000 10.204082
170 0.000282 0.191884 500.000000 10.775862
170 0.000548 0.172287 600.000000 10.398614
170 0.000370 0.099064 700.000000 10.819165
170 0.000268 0.047556 800.000000 11.080333
180 0.002287 0.261310 100.000000 6.896552
180 0.001357 0.111162 200.000000 9.049774
180 0.000781 0.154632 300.000000 9.404388
180 0.000470 0.201966 400.000000 10.256411
180 0.000299 0.211101 500.000000 10.822511
180 0.000579 0.177981 600.000000 10.416667
180 0.000379 0.098744 700.000000 10.852714
180 0.000292 0.047944 800.000000 11.080333
190 0.002878 0.268555 100.000000 6.896552
190 0.001459 0.131382 200.000000 9.174312
190 0.000824 0.180404 300.000000 9.493670
190 0.000509 0.217769 400.000000 10.362695
190 0.000317 0.234318 500.000000 10.893247
190 0.000604 0.181985 600.000000 10.471204
190 0.000411 0.101090 700.000000 10.920437
190 0.000297 0.044980 800.000000 11.095700
200 0.003125 0.274972 100.000000 7.092198
200 0.001568 0.149526 200.000000 9.389671
200 0.000894 0.199984 300.000000 9.646302
200 0.000553 0.238595 400.000000 10.471204
200 0.000348 0.250581 500.000000 10.989011
200 0.000620 0.186767 600.000000 10.563380
200 0.000451 0.107352 700.000000 10.989011
200 0.000316 0.045881 800.000000 11.142061
210 0.003136 0.280648 100.000000 7.299270
210 0.001569 0.157915 200.000000 9.615385
210 0.000879 0.210259 300.000000 9.803922
210 0.000547 0.244207 400.000000 10.610080
210 0.000353 0.253150 500.000000 11.086474
210 0.000624 0.183920 600.000000 10.676157
210 0.000439 0.101348 700.000000 11.075950
210 0.000305 0.043516 800.000000 11.204482
220 0.003305 0.232369 100.000000 7.575758
220 0.001596 0.185923 200.000000 9.803922
220 0.000908 0.235218 300.000000 9.966778
220 0.000567 0.265923 400.000000 10.752688
220 0.000369 0.275635 500.000000 11.160714
220 0.000628 0.188744 600.000000 10.771993
220 0.000456 0.107593 700.000000 11.164274
220 0.000314 0.047014 800.000000 11.267606
230 0.003263 0.209784 100.000000 7.812500
230 0.001607 0.197879 200.000000 10.000000
230 0.000882 0.253549 300.000000 10.135135
230 0.000558 0.275002 400.000000 10.899182
230 0.000355 0.280601 500.000000 11.210762
230 0.000620 0.186786 600.000000 10.869565
230 0.000437 0.102291 700.000000 11.235955
230 0.000315 0.049738 800.000000 11.315417
240 0.003270 0.237419 100.000000 8.064516
240 0.001693 0.225573 200.000000 10.050251
240 0.000909 0.277640 300.000000 10.273973
240 0.000574 0.296634 400.000000 11.019283
240 0.000424 0.297662 500.000000 11.135858
240 0.000630 0.188124 600.000000 10.948905
240 0.000453 0.102856 700.000000 11.308562
240 0.000323 0.049559 800.000000 11.363636
250 0.003287 0.231598 100.000000 8.333333
250 0.001654 0.240813 200.000000 10.000000
250 0.000886 0.289630 300.000000 10.416667
250 0.000557 0.307081 400.000000 11.142061
250 0.000643 0.305998 500.000000 10.964912
250 0.000623 0.186354 600.000000 11.029411
250 0.000442 0.100705 700.000000 11.363636
250 0.000328 0.052754 800.000000 11.428572
260 0.003202 0.228486 100.000000 8.620689
260 0.001673 0.252426 200.000000 9.852217
260 0.000844 0.308588 300.000000 10.563380
260 0.000528 0.315487 400.000000 11.267606
260 0.000790 0.301835 500.000000 10.845987
260 0.000621 0.184079 600.000000 11.131725
260 0.000428 0.097565 700.000000 11.437908
260 0.000345 0.054271 800.000000 11.494253
270 0.003170 0.231279 100.000000 8.928572
270 0.001571 0.263039 200.000000 9.900990
270 0.000827 0.310627 300.000000 10.752688
270 0.000525 0.316432 400.000000 11.396011
270 0.000830 0.293478 500.000000 10.869565
270 0.000610 0.178188 600.000000 11.235955
270 0.000417 0.093421 700.000000 11.513158
270 0.000329 0.052082 800.000000 11.577424
280 0.003013 0.204246 100.000000 9.433962
280 0.001470 0.250038 200.000000 10.050251
280 0.000769 0.300754 300.000000 10.989011
280 0.000472 0.310057 400.000000 11.594203
280 0.000793 0.276061 500.000000 10.964912
280 0.000576 0.166448 600.000000 11.342155
280 0.000388 0.086340 700.000000 11.608624
280 0.000284 0.050036 800.000000 11.678832
290 0.002594 0.190215 100.000000 10.101010
290 0.001245 0.222040 200.000000 10.309278
290 0.000637 0.285855 300.000000 11.235955
290 0.000382 0.287416 400.000000 11.834319
290 0.000705 0.255589 500.000000 11.086474
290 0.000475 0.158304 600.000000 11.494253
290 0.000318 0.089251 700.000000 11.725293
290 0.000234 0.067618 800.000000 11.782032
300 0.002463 0.202803 100.000000 10.869565
300 0.001140 0.228495 200.000000 10.638298
300 0.000568 0.295778 300.000000 11.538462
300 0.000333 0.286840 400.000000 12.048193
300 0.000663 0.247392 500.000000 11.235955
300 0.000445 0.155940 600.000000 11.650485
300 0.000301 0.089694 700.000000 11.864407
300 0.000216 0.067310 800.000000 11.904762
310 0.001339 0.150802 100.000000 11.764706
310 0.000618 0.172569 200.000000 10.989011
310 0.000312 0.250519 300.000000 11.857708
310 0.000263 0.239573 400.000000 12.307693
310 0.000538 0.207554 500.000000 11.389522
310 0.000309 0.131258 600.000000 11.811024
310 0.000162 0.080473 700.000000 11.986301
310 0.000061 0.068499 800.000000 12.030075
320 0.000706 0.153881 100.000000 12.500000
320 0.000391 0.138014 200.000000 11.299435
320 0.000294 0.222786 300.000000 12.096774
320 0.000328 0.215751 400.000000 12.500000
320 0.000465 0.185428 500.000000 11.520738
320 0.000240 0.119430 600.000000 11.928430
320 0.000101 0.078490 700.000000 12.068966
320 0.000037 0.068793 800.000000 12.121212
330 0.000504 0.150818 100.000000 13.157895
330 0.000353 0.141125 200.000000 11.494253
330 0.000349 0.212968 300.000000 12.295082
330 0.000408 0.204508 400.000000 12.618297
330 0.000405 0.173872 500.000000 11.627907
330 0.000199 0.117648 600.000000 12.024048
330 0.000076 0.077109 700.000000 12.110726
330 0.000100 0.068745 800.000000 12.195122
340 0.000407 0.181594 100.000000 13.698630
340 0.000381 0.144786 200.000000 11.695907
340 0.000403 0.205374 300.000000 12.396694
340 0.000468 0.201478 400.000000 12.658228
340 0.000342 0.164065 500.000000 11.682243
340 0.000171 0.119914 600.000000 12.072434
340 0.000095 0.075464 700.000000 12.110726
340 0.000140 0.068026 800.000000 12.232416
350 0.000411 0.169075 100.000000 13.698630
350 0.000397 0.150882 200.000000 11.764706
350 0.000421 0.201498 300.000000 12.448133
350 0.000487 0.203661 400.000000 12.618297
350 0.000328 0.153376 500.000000 11.709601
350 0.000144 0.112223 600.000000 12.072434
350 0.000117 0.075315 700.000000 12.068966
350 0.000164 0.060691 800.000000 12.232416
360 0.000403 0.170177 100.000000 13.333333
360 0.000414 0.177937 200.000000 11.834319
360 0.000441 0.209439 300.000000 12.448133
360 0.000497 0.197140 400.000000 12.383901
360 0.000292 0.149398 500.000000 11.737089
360 0.000121 0.096179 600.000000 12.072434
360 0.000109 0.078187 700.000000 12.048193
360 0.000206 0.060017 800.000000 12.213740
370 0.000376 0.147204 100.000000 12.048193
370 0.000407 0.188518 200.000000 11.834319
370 0.000443 0.224399 300.000000 12.500000
370 0.000267 0.205183 400.000000 11.799410
370 0.000277 0.143388 500.000000 11.764706
370 0.000094 0.090985 600.000000 12.072434
370 0.000094 0.075962 700.000000 12.048193
370 0.000244 0.057350 800.000000 12.066365
380 0.000289 0.092172 100.000000 10.869565
380 0.000415 0.208652 200.000000 11.834319
380 0.000437 0.213252 300.000000 12.448133
380 0.000438 0.189687 400.000000 11.428572
380 0.000261 0.137464 500.000000 11.792453
380 0.000085 0.085724 600.000000 12.048193
380 0.000081 0.070842 700.000000 12.048193
380 0.000267 0.049774 800.000000 11.922503
390 0.000344 0.101274 100.000000 10.309278
390 0.000435 0.220313 200.000000 11.834319
390 0.000466 0.212755 300.000000 12.448133
390 0.000456 0.192514 400.000000 11.299435
390 0.000253 0.130596 500.000000 11.792453
390 0.000097 0.080167 600.000000 12.000000
390 0.000123 0.069667 700.000000 12.048193
390 0.000275 0.043695 800.000000 11.816839
400 0.000462 0.098307 100.000000 10.101010
400 0.000486 0.237387 200.000000 11.764706
400 0.000504 0.213619 300.000000 12.396694
400 0.000450 0.179117 400.000000 11.235955
400 0.000216 0.114668 500.000000 11.764706
400 0.000094 0.069753 600.000000 11.952191
400 0.000169 0.062261 700.000000 12.027492
400 0.000290 0.031545 800.000000 11.713031
410 0.000556 0.111772 100.000000 10.000000
410 0.000511 0.208443 200.000000 11.764706
410 0.000567 0.204910 300.000000 12.295082
410 0.000418 0.161063 400.000000 11.235955
410 0.000186 0.107223 500.000000 11.764706
410 0.000121 0.062027 600.000000 11.857708
410 0.000175 0.055024 700.000000 12.027492
410 0.000294 0.026246 800.000000 11.577424
420 0.000515 0.142374 100.000000 10.101010
420 0.000494 0.216669 200.000000 11.764706
420 0.000552 0.208389 300.000000 12.244898
420 0.000391 0.147311 400.000000 11.267606
420 0.000160 0.098313 500.000000 11.764706
420 0.000128 0.062725 600.000000 11.811024
420 0.000199 0.048919 700.000000 12.027492
430 0.000610 0.187504 100.000000 10.309278
430 0.000547 0.227965 200.000000 11.904762
430 0.000610 0.202601 300.000000 12.096774
430 0.000344 0.147094 400.000000 11.331445
430 0.000129 0.090881 500.000000 11.792453
430 0.000134 0.065460 600.000000 11.811024
430 0.000245 0.048320 700.000000 12.027492
440 0.000683 0.206446 100.000000 10.752688
440 0.000605 0.231141 200.000000 12.195122
440 0.000486 0.233704 300.000000 11.904762
440 0.000318 0.142084 400.000000 11.461318
440 0.000117 0.081859 500.000000 11.876485
440 0.000158 0.064614 600.000000 11.881188
440 0.000301 0.047974 700.000000 12.027492
450 0.000693 0.210206 100.000000 11.363636
450 0.000611 0.256078 200.000000 12.500000
450 0.000464 0.226820 300.000000 11.627907
450 0.000313 0.140548 400.000000 11.627907
450 0.000109 0.080018 500.000000 12.019231
450 0.000137 0.065148 600.000000 11.976048
450 0.000308 0.045547 700.000000 12.048193
460 0.000798 0.298391 100.000000 12.048193
460 0.000662 0.261990 200.000000 12.903226
460 0.000452 0.223655 300.000000 11.583012
460 0.000304 0.151736 400.000000 11.799410
460 0.000111 0.087738 500.000000 12.135922
460 0.000122 0.070609 600.000000 12.096774
460 0.000327 0.047602 700.000000 12.048193
470 0.000683 0.317010 100.000000 12.820513
470 0.000585 0.267219 200.000000 13.333333
470 0.000548 0.219212 300.000000 11.583012
470 0.000307 0.148717 400.000000 11.976048
470 0.000100 0.086190 500.000000 12.254902
470 0.000116 0.068931 600.000000 12.219959
470 0.000317 0.047143 700.000000 12.068966
480 0.000662 0.347504 100.000000 13.333333
480 0.000608 0.271308 200.000000 13.605442
480 0.000533 0.216798 300.000000 11.583012
480 0.000297 0.144062 400.000000 12.121212
480 0.000105 0.084296 500.000000 12.345679
480 0.000139 0.067938 600.000000 12.320329
480 0.000324 0.044310 700.000000 12.048193
490 0.000661 0.391334 100.000000 13.698630
490 0.000574 0.282715 200.000000 13.793103
490 0.000582 0.222428 300.000000 11.627907
490 0.000261 0.133146 400.000000 12.195122
490 0.000099 0.077257 500.000000 12.376238
490 0.000149 0.066481 600.000000 12.371134
490 0.000324 0.037173 700.000000 12.006861
500 0.000545 0.345509 100.000000 13.888889
500 0.000548 0.277207 200.000000 13.793103
500 0.000612 0.203831 300.000000 11.627907
500 0.000260 0.117216 400.000000 12.232416
500 0.000098 0.069557 500.000000 12.345679
500 0.000170 0.061927 600.000000 12.396694
500 0.000314 0.033582 700.000000 11.925042
510 0.000563 0.331075 100.000000 13.888889
510 0.000610 0.260246 200.000000 13.698630
510 0.000525 0.176182 300.000000 11.627907
510 0.000225 0.110749 400.000000 12.232416
510 0.000092 0.060662 500.000000 12.254902
510 0.000193 0.054688 600.000000 12.396694
520 0.000533 0.303776 100.000000 13.888889
520 0.000616 0.255679 200.000000 13.422819
520 0.000517 0.152443 300.000000 11.627907
520 0.000194 0.092658 400.000000 12.195122
520 0.000099 0.064111 500.000000 12.165450
520 0.000216 0.049742 600.000000 12.371134
530 0.000512 0.287730 100.000000 13.698630
530 0.000521 0.235754 200.000000 12.658228
530 0.000490 0.125312 300.000000 11.627907
530 0.000175 0.066095 400.000000 12.158054
530 0.000102 0.064006 500.000000 12.106538
530 0.000275 0.054936 600.000000 12.269938
540 0.000559 0.333279 100.000000 13.698630
540 0.000771 0.221286 200.000000 11.363636
540 0.000500 0.118094 300.000000 11.673152
540 0.000162 0.064245 400.000000 12.121212
540 0.000119 0.060980 500.000000 12.077294
540 0.000287 0.054608 600.000000 12.048193
550 0.000542 0.229168 100.000000 13.698630
550 0.000999 0.168772 200.000000 10.869565
550 0.000509 0.088661 300.000000 11.673152
550 0.000170 0.061725 400.000000 12.084592
550 0.000137 0.064544 500.000000 12.077294
550 0.000320 0.062829 600.000000 11.881188
560 0.000516 0.189528 100.000000 13.698630
560 0.001105 0.144532 200.000000 10.695188
560 0.000500 0.072233 300.000000 11.673152
560 0.000208 0.073262 400.000000 12.048193
560 0.000152 0.077571 500.000000 12.106538
560 0.000311 0.079493 600.000000 11.741683
570 0.000561 0.192111 100.000000 13.513514
570 0.001122 0.127460 200.000000 10.638298
570 0.000465 0.069577 300.000000 11.718750
570 0.000223 0.080175 400.000000 11.976048
570 0.000179 0.086477 500.000000 12.106538
570 0.000324 0.085144 600.000000 11.627907
580 0.000685 0.201416 100.000000 13.333333
580 0.001000 0.098852 200.000000 10.638298
580 0.000451 0.071852 300.000000 11.673152
580 0.000179 0.089931 400.000000 11.869436
580 0.000207 0.085295 500.000000 12.106538
590 0.000700 0.223820 100.000000 12.987013
590 0.000967 0.080429 200.000000 10.695188
590 0.000405 0.078110 300.000000 11.673152
590 0.000170 0.099975 400.000000 11.764706
590 0.000241 0.091948 500.000000 12.077294
600 0.000656 0.179229 100.000000 11.764706
600 0.000893 0.070175 200.000000 10.752688
600 0.000363 0.090354 300.000000 11.627907
600 0.000196 0.104497 400.000000 11.695907
600 0.000312 0.103068 500.000000 11.990408
610 0.001213 0.145654 100.000000 9.803922
610 0.000939 0.069168 200.000000 10.752688
610 0.000383 0.117691 300.000000 11.627907
610 0.000225 0.124215 400.000000 11.695907
610 0.000318 0.121414 500.000000 11.764706
620 0.002319 0.130891 100.000000 8.928572
620 0.000930 0.077830 200.000000 10.810811
620 0.000366 0.125862 300.000000 11.583012
620 0.000247 0.125323 400.000000 11.695907
620 0.000368 0.127150 500.000000 11.547344
630 0.002465 0.117773 100.000000 8.695652
630 0.000924 0.104086 200.000000 10.810811
630 0.000409 0.144775 300.000000 11.538462
630 0.000270 0.142930 400.000000 11.695907
630 0.000378 0.144376 500.000000 11.415525
640 0.002589 0.063015 100.000000 8.695652
640 0.000874 0.143315 200.000000 10.869565
640 0.000444 0.171897 300.000000 11.494253
640 0.000290 0.164016 400.000000 11.730206
640 0.000394 0.162181 500.000000 11.312217
650 0.002625 0.073851 100.000000 8.771930
650 0.000938 0.178753 200.000000 10.928962
650 0.000448 0.212072 300.000000 11.406844
650 0.000338 0.189585 400.000000 11.764706
650 0.000391 0.178401 500.000000 11.185682
660 0.002435 0.120931 100.000000 8.849558
660 0.000904 0.192512 200.000000 10.989011
660 0.000427 0.214898 300.000000 11.363636
660 0.000365 0.191774 400.000000 11.799410
670 0.002458 0.171263 100.000000 9.090909
670 0.000925 0.220140 200.000000 11.111111
670 0.000448 0.230437 300.000000 11.363636
670 0.000397 0.207184 400.000000 11.869436
680 0.002453 0.200266 100.000000 9.523809
680 0.000927 0.240492 200.000000 11.363636
680 0.000482 0.235374 300.000000 11.538462
680 0.000420 0.216825 400.000000 11.940298
690 0.002071 0.228081 100.000000 10.101010
690 0.000727 0.247379 200.000000 11.764706
690 0.000380 0.222234 300.000000 11.764706
690 0.000432 0.198293 400.000000 12.084592
700 0.001586 0.166109 100.000000 10.869565
700 0.000633 0.202926 200.000000 12.195122
700 0.000490 0.175203 300.000000 12.096774
700 0.000622 0.162264 400.000000 12.232416
710 0.001130 0.135641 100.000000 11.627907
710 0.000303 0.162283 200.000000 12.658228
710 0.000347 0.122889 300.000000 12.396694
710 0.000577 0.109337 400.000000 12.345679
720 0.000333 0.059541 100.000000 12.500000
720 0.000644 0.116459 200.000000 13.071896
720 0.000596 0.081805 300.000000 12.658228
720 0.000837 0.091001 400.000000 12.422360
730 0.000546 0.053226 100.000000 13.333333
730 0.000766 0.120096 200.000000 13.422819
730 0.000731 0.090834 300.000000 12.931034
730 0.000924 0.105057 400.000000 12.383901
740 0.000728 0.096067 100.000000 13.888889
740 0.000814 0.134796 200.000000 13.605442
740 0.000786 0.097519 300.000000 13.100436
740 0.000960 0.118935 400.000000 12.345679
750 0.000847 0.121555 100.000000 14.084507
750 0.000808 0.142308 200.000000 13.605442
750 0.000801 0.099411 300.000000 13.215859
750 0.000960 0.130150 400.000000 12.232416
760 0.000932 0.136995 100.000000 14.285714
760 0.000804 0.141453 200.000000 13.422819
760 0.000886 0.101940 300.000000 13.215859
760 0.000967 0.137908 400.000000 12.048193
770 0.000911 0.112868 100.000000 14.084507
770 0.000875 0.127883 200.000000 13.071896
770 0.000873 0.097948 300.000000 13.157895
780 0.000950 0.130111 100.000000 13.888889
780 0.000848 0.113319 200.000000 12.820513
780 0.000906 0.097379 300.000000 13.043478
790 0.000989 0.168363 100.000000 13.698630
790 0.000820 0.103687 200.000000 12.658228
790 0.000987 0.095501 300.000000 12.711864
800 0.001043 0.188591 100.000000 13.333333
800 0.000759 0.097523 200.000000 12.658228
800 0.001032 0.100820 300.000000 12.195122
810 0.000942 0.168442 100.000000 13.157895
810 0.000820 0.085087 200.000000 12.658228
810 0.001039 0.102974 300.000000 11.857708
820 0.000793 0.184934 100.000000 12.820513
820 0.000802 0.074149 200.000000 12.658228
820 0.001000 0.115455 300.000000 11.627907
830 0.000777 0.181478 100.000000 12.345679
830 0.000877 0.074093 200.000000 12.658228
830 0.000971 0.112926 300.000000 11.363636
840 0.000846 0.159128 100.000000 12.048193
840 0.000855 0.082594 200.000000 12.658228
850 0.000775 0.105389 100.000000 11.764706
850 0.000876 0.075359 200.000000 12.578616
860 0.000723 0.054631 100.000000 11.627907
860 0.001021 0.043063 200.000000 12.269938
870 0.000505 0.019211 100.000000 11.764706
870 0.001056 0.052581 200.000000 11.764706
880 0.000704 0.040906 100.000000 11.904762
880 0.001075 0.057931 200.000000 11.363636
890 0.000799 0.033653 100.000000 12.048193
890 0.001120 0.079478 200.000000 11.111111
900 0.000977 0.039620 100.000000 12.345679
900 0.001149 0.083262 200.000000 10.989011
910 0.001010 0.047525 100.000000 12.658228
910 0.001064 0.070949 200.000000 10.810811
920 0.000915 0.028425 100.000000 12.987013
930 0.000924 0.049207 100.000000 13.333333
940 0.001302 0.068071 100.000000 13.157895
950 0.001416 0.085110 100.000000 12.048193
960 0.001624 0.111597 100.000000 10.989011
970 0.001426 0.164647 100.000000 10.204082
980 0.001302 0.176343 100.000000 9.708738
990 0.001144 0.159325 100.000000 9.090909
