-0.000000 0.000000 0.000000 0.000000
0.002038 3.941730 -0.131563 3.944195
0.007571 7.908775 -0.228064 7.338336
0.006781 11.904260 -0.242762 11.085140
-0.005852 15.930660 -0.169306 14.370500
0.005006 19.986700 0.093560 18.077870
-0.007369 24.072100 0.001583 21.091400
0.001962 28.194720 0.000915 23.920190
0.006827 32.335310 0.186581 26.795240
0.012119 36.507890 -0.013459 30.078510
0.019429 40.704370 0.020644 33.126910
0.026224 44.928210 0.003358 36.538700
0.033592 49.179630 -0.045828 40.118800
0.025370 53.457160 0.073510 42.592100
0.013229 57.745500 0.505924 45.411350
0.002764 62.027950 0.560567 48.284050
-0.005954 66.289400 0.679163 50.802320
-0.027023 70.530000 0.595147 53.693120
-0.046776 74.742450 0.479378 55.848530
-0.052873 78.934960 0.471005 59.169670
-0.048388 83.097210 0.537489 61.693660
-0.075180 87.250150 0.497464 64.048320
-0.111047 91.375240 0.650148 66.673400
-0.169705 95.460760 0.757920 69.637700
-0.234406 99.515130 0.722585 72.045270
-0.286760 103.545900 0.830672 74.510400
-0.334309 107.565300 1.039110 77.668880
-0.394315 111.576600 1.267984 80.678400
-0.429590 115.560100 1.339845 83.548980
-0.430614 119.561300 1.568205 86.633790
-0.456074 123.624200 1.677841 90.069950
-0.470849 127.692500 1.638135 93.907650
-0.470125 131.755700 1.978718 96.807660
-0.466120 135.814600 2.282183 100.054700
-0.464181 139.862600 1.842120 104.204700
-0.474702 143.909900 2.300088 106.299600
-0.484415 147.953800 2.401840 108.737100
-0.497985 151.991700 2.368634 112.204700
-0.518837 156.032900 2.759851 114.787100
-0.490889 160.078600 2.680330 118.489300
-0.476780 164.129500 2.682510 121.368800
-0.449484 168.200000 2.930336 124.305300
-0.411154 172.284100 3.110508 128.138500
-0.358878 176.408600 3.344811 131.905500
-0.313655 180.542000 3.652028 135.428200
-0.318656 184.703900 3.815397 138.330300
-0.308933 188.900300 4.093585 140.428300
-0.300756 193.121300 4.401119 143.483400
-0.295505 197.380900 4.724719 145.861800
-0.332199 201.657300 5.117572 150.228900
-0.348136 205.970400 4.936456 154.118900
-0.342964 210.323200 5.309561 156.911600
-0.357581 214.714200 5.852609 159.678100
-0.360488 219.141900 6.367035 163.088200
-0.375507 223.589400 6.702872 166.921400
-0.378527 228.060200 7.071945 170.065300
-0.374570 232.542100 7.344657 173.275700
-0.378408 237.044600 7.769196 176.685600
-0.382092 241.571200 8.109174 179.205500
-0.377078 246.123100 8.609271 182.553000
-0.365894 250.696400 9.257613 184.939100
-0.356528 255.288500 9.005831 189.242900
-0.340799 259.900300 10.356490 191.494100
-0.325374 264.511300 11.223290 194.389600
-0.317394 269.137700 11.784270 198.412300
-0.314040 273.764900 12.311050 201.724100
-0.306203 278.395200 12.998430 205.463900
-0.276490 283.049800 14.260150 209.186000
-0.230158 287.699900 15.017290 212.961100
-0.192693 292.369200 15.610400 216.388300
-0.168171 297.072300 16.239810 220.433800
-0.143657 301.821100 17.060690 224.237300
-0.111308 306.608600 17.656650 228.610200
-0.093249 311.433100 18.429390 233.094000
-0.107981 316.295300 18.887460 238.359700
-0.103970 321.182300 19.880510 241.543100
-0.096484 326.068200 20.462820 245.912600
-0.074427 330.950800 20.724990 250.000200
-0.054350 335.802400 21.146070 254.113700
-0.042570 340.628700 21.388490 258.406300
-0.035147 345.452500 22.060760 263.639600
-0.041563 350.253200 22.943910 267.169600
-0.075066 355.037900 23.940220 271.697900
-0.109101 359.812500 25.085250 276.005700
-0.141995 364.586700 25.789700 281.181500
-0.185891 369.386600 26.831230 285.929800
-0.237813 374.225300 27.148020 289.871100
-0.270401 378.992900 27.931810 292.664400
-0.296087 383.840800 28.517900 296.185700
-0.316454 388.685700 28.914060 300.248500
-0.323790 393.557900 29.957010 304.571900
