0.000000 -0.000000 0.000000 0.000000
0.287920 2.986691 -0.757286 1.758130
0.971569 5.887651 -1.393085 2.831928
2.050498 8.646240 -1.376762 4.789407
3.483068 11.215600 -1.338105 4.121729
5.252124 13.530580 -1.131647 5.546225
7.315983 15.554830 -1.541160 7.385312
9.617499 17.248350 -1.829497 9.013931
12.138440 18.605410 -2.381832 10.272220
14.845670 19.655580 -2.782962 11.158420
17.710960 20.442900 -2.033605 12.363580
20.708720 20.958900 -0.730874 12.937270
23.853650 21.214680 1.256958 13.290590
27.127230 21.215640 3.231227 13.504950
30.502910 21.029600 4.599423 13.303490
33.942320 20.718590 6.979870 13.113960
37.526800 20.278900 9.940425 12.800840
41.305500 19.746480 12.986400 12.588280
45.281370 19.137530 15.478020 12.043720
49.442010 18.473180 19.272710 10.890040
53.784140 17.768220 23.175110 10.725790
58.319700 17.046980 25.510250 10.730580
63.045640 16.314830 28.283650 10.952930
67.933580 15.564290 30.909360 10.946180
72.949570 14.807080 33.279380 10.714710
78.112070 14.037650 36.407230 10.939110
83.403150 13.249300 41.658100 10.765290
88.827470 12.428430 46.810370 9.578901
94.384170 11.569350 50.553360 9.054400
100.052700 10.639880 55.260270 9.446721
105.791000 9.611618 60.073750 8.237037
111.620600 8.486629 65.389300 7.376968
117.518200 7.246929 70.170490 6.470911
123.481700 5.883248 73.172020 5.876175
129.500400 4.402279 79.496310 3.738308
135.583700 2.806947 80.075650 0.822766
141.730400 1.132152 87.383890 -1.361043
147.930500 -0.644931 95.225300 -3.096221
154.181200 -2.533182 96.448810 -2.597345
160.473700 -4.525316 101.423900 -4.018626
166.825700 -6.614701 104.218300 -4.852604
173.224500 -8.806086 110.206800 -7.049223
179.671400 -11.085600 113.568100 -8.229012
186.169900 -13.447970 116.927200 -9.042246
192.708700 -15.908790 126.234200 -12.504050
199.295800 -18.474840 128.299800 -13.418710
205.877000 -21.127230 135.561500 -15.585010
212.474400 -23.878960 139.566200 -16.395990
219.085400 -26.695130 142.916100 -15.271550
225.674300 -29.566300 147.091500 -17.997090
232.258400 -32.511370 148.006000 -19.598510
238.826600 -35.515520 153.667900 -22.190360
245.357100 -38.591140 160.407500 -26.408270
251.842400 -41.746310 163.056700 -28.691210
258.295100 -44.977770 167.065800 -30.395640
264.734000 -48.300070 173.746400 -37.066380
271.174400 -51.720410 177.756400 -41.194530
277.658000 -55.253110 181.701800 -42.779380
284.188500 -58.892510 184.848200 -44.901250
290.770400 -62.649290 186.992000 -46.644520
297.421200 -66.505210 190.904600 -49.313630
304.114100 -70.451700 194.065000 -51.713390
310.871400 -74.512450 197.583500 -54.498880
317.638300 -78.729880 199.758000 -56.586980
324.412000 -83.100090 202.348700 -58.973240
331.147700 -87.570510 205.077900 -60.352170
337.838900 -92.151540 208.072400 -62.734930
344.489200 -96.836160 210.637100 -64.160780
351.109400 -101.590900 213.954300 -67.108990
357.680900 -106.441100 216.825700 -68.217700
364.205100 -111.363100 217.591300 -68.585210
370.654300 -116.349400 221.947400 -69.828510
377.044400 -121.373300 220.183200 -69.396150
383.353100 -126.497900 220.532700 -69.751400
389.648900 -131.627300 222.851000 -71.476980
395.838500 -136.824400 221.975100 -71.076290
401.977500 -142.068800 220.877000 -70.969700
408.063900 -147.386100 221.722700 -71.720590
414.119900 -152.725600 224.911100 -74.516570
420.140100 -158.070100 223.309000 -74.280490
426.135700 -163.442300 226.116500 -76.754940
432.096100 -168.831000 224.293700 -75.150660
438.042000 -174.202900 226.570400 -76.452020
444.039200 -179.520000 226.224700 -75.024080
450.064000 -184.791600 228.170100 -76.370860
456.158000 -189.992400 232.128200 -81.185200
462.246200 -195.183000 232.948100 -80.831990
468.350900 -200.337600 235.137100 -79.951640
474.468300 -205.478700 235.588700 -79.763440
480.606000 -210.588600 238.196900 -85.495290
486.757700 -215.677000 239.181200 -85.607280
492.916600 -220.757600 240.984600 -86.986330
499.072200 -225.827000 244.891400 -94.603680
505.239000 -230.914300 240.762200 -87.452890
511.393900 -235.996900 242.054500 -90.472980
517.549300 -241.076200 244.164000 -93.593440
523.710600 -246.155700 247.481900 -98.376910
529.865100 -251.222800 252.593900 -101.856000
536.037700 -256.292500 258.950400 -107.593300
542.213600 -261.366100 259.307600 -107.549700
548.376000 -266.436600 264.296700 -113.346100
554.549300 -271.525400 259.181500 -107.804100
560.720400 -276.614600 259.056400 -106.629900
566.895900 -281.702100 265.783600 -113.556000
573.077300 -286.787100 260.955000 -107.549000
579.254000 -291.852900 260.498400 -108.585200
585.438300 -296.913900 265.934800 -113.554400
591.610800 -301.938300 268.210500 -112.626100
597.802700 -306.948800 271.336300 -116.166300
604.002400 -311.952300 266.685200 -112.347000
610.204100 -316.963500 269.018900 -115.027600
616.401400 -321.978100 270.873600 -117.287000
622.606700 -326.989100 274.918900 -123.108100
628.813800 -331.994200 275.798500 -124.147800
635.032400 -336.999800 272.560800 -118.779500
641.237400 -341.988600 277.657300 -125.791600
647.445400 -346.968600 283.766600 -129.321300
653.662300 -351.935500 285.574400 -129.542900
659.877900 -356.880600 281.255800 -126.480000
666.112000 -361.828900 285.480700 -129.877800
672.350500 -366.769500 288.815200 -133.485800
678.587600 -371.720300 292.136400 -135.100000
684.819800 -376.684200 298.477600 -140.617400
691.040800 -381.648800 294.010300 -136.240100
697.271000 -386.614300 293.885200 -137.290300
703.506500 -391.568600 297.248800 -141.166200
709.744100 -396.517700 294.259600 -138.699600
715.983900 -401.433800 294.447100 -137.882800
722.229600 -406.329600 297.567600 -142.201200
728.498300 -411.207700 301.543900 -147.200100
734.766400 -416.073400 301.932000 -148.897400
741.047900 -420.934000 302.602700 -150.386800
747.328900 -425.791700 299.049600 -146.011900
753.611600 -430.654100 299.864000 -147.222100
759.909100 -435.497600 296.760600 -142.708000
766.234600 -440.329500 296.177800 -140.840500
772.573000 -445.140400 299.892400 -147.168900
778.917600 -449.932200 295.850800 -140.269000
785.270600 -454.711000 297.461400 -143.485800
791.604400 -459.487600 299.906700 -146.875900
797.914000 -464.271400 299.616500 -146.131000
804.202800 -469.044800 298.852500 -143.796100
810.490200 -473.819600 300.161700 -144.570000
816.791500 -478.590500 306.655000 -151.361400
823.116400 -483.340400 304.784600 -149.132800
829.464500 -488.061400 307.161700 -150.683100
835.854100 -492.776100 305.334600 -146.400300
842.262300 -497.485400 308.619100 -150.295500
848.682700 -502.196400 312.529900 -154.320400
855.114700 -506.913500 315.095900 -158.507900
861.557000 -511.637000 320.884200 -168.053900
868.011600 -516.355400 322.843700 -171.283100
874.441900 -521.049300 322.549600 -170.101800
880.882200 -525.706500 331.258600 -184.156800
887.323800 -530.307900 330.734500 -183.635900
893.755000 -534.861900 333.874100 -188.467700
900.174200 -539.374300 323.924500 -176.272000
906.591000 -543.848100 321.332200 -177.116200
912.989900 -548.291900 326.996900 -181.902700
919.400600 -552.731200 318.523500 -176.926600
925.806600 -557.125700 328.320600 -182.435100
932.226300 -561.535200 323.782700 -178.345700
938.632500 -565.932700 330.447200 -183.946000
945.057500 -570.322000 329.996100 -182.990700
951.507700 -574.710200 329.089600 -180.548000
957.980400 -579.074900 333.067300 -182.760900
964.464000 -583.424600 331.723600 -182.533000
970.963300 -587.758200 342.931400 -191.103700
977.455300 -592.093300 337.967300 -186.588400
983.961700 -596.421100 361.292900 -204.329300
990.461700 -600.766400 347.581500 -195.516700
996.966300 -605.096100 353.875000 -202.947300
1003.471000 -609.407800 365.435200 -207.541100
1009.973000 -613.695400 378.219900 -211.184600
1016.458000 -617.959200 390.384600 -218.185400
1022.925000 -622.217200 387.963400 -215.463200
1029.367000 -626.452700 400.973800 -225.099800
1035.804000 -630.641600 407.763400 -229.195600
1042.231000 -634.798800 396.480800 -214.866000
1048.656000 -638.946200 403.566200 -220.719100
1055.084000 -643.051500 409.774000 -226.431500
1061.525000 -647.144100 407.939800 -227.931000
1067.966000 -651.185500 404.629100 -224.126800
1074.401000 -655.235300 405.607400 -226.561800
1080.840000 -659.293400 410.041000 -233.073100
1087.270000 -663.328400 418.899300 -239.221400
1093.718000 -667.347400 412.418600 -233.451300
1100.195000 -671.340900 418.736700 -236.705100
1106.668000 -675.317100 429.291200 -244.213800
1113.157000 -679.272000 418.635500 -234.187300
1119.659000 -683.201000 426.593300 -240.015900
1126.198000 -687.131900 441.495100 -251.257800
1132.753000 -691.046400 447.718800 -252.786600
1139.341000 -694.955400 442.847700 -249.063300
1145.954000 -698.852200 451.632200 -252.288900
1152.585000 -702.740800 458.455100 -253.970700
1159.229000 -706.637800 456.322800 -250.585700
1165.886000 -710.538400 468.854400 -256.333900
1172.562000 -714.459000 466.991300 -254.992300
1179.271000 -718.394000 468.836500 -256.944400
1186.021000 -722.344800 482.051000 -262.083300
1192.784000 -726.294800 481.404600 -261.019200
1199.585000 -730.258400 483.984800 -261.760000
1206.417000 -734.212600 491.486800 -264.559200
1213.283000 -738.159200 491.529900 -266.006400
1220.173000 -742.105200 489.803600 -265.725900
1227.101000 -746.027900 494.817800 -266.539500
1234.074000 -749.929400 494.780700 -266.387300
1241.082000 -753.823500 501.238100 -268.534100
1248.123000 -757.717500 502.053400 -268.765600
1255.209000 -761.611600 507.478900 -270.525400
1262.318000 -765.501500 501.004700 -268.315100
1269.473000 -769.393200 509.482300 -270.832400
1276.670000 -773.287000 511.079800 -271.309800
1283.885000 -777.170800 513.616100 -271.285000
1291.103000 -781.040700 518.489800 -273.513700
1298.329000 -784.899000 517.491300 -272.799800
1305.561000 -788.742100 518.986800 -273.143500
1312.794000 -792.571300 521.407700 -273.940700
1320.032000 -796.384600 521.728500 -274.121800
1327.287000 -800.172300 523.936500 -274.912300
1334.542000 -803.950000 531.744400 -276.915600
1341.797000 -807.723100 531.896800 -276.860600
1349.058000 -811.481900 529.111800 -276.001800
1356.319000 -815.232700 535.510000 -277.814700
1363.568000 -818.960500 535.651700 -278.585800
1370.797000 -822.663500 538.934800 -279.246900
1378.014000 -826.342400 541.564100 -279.911700
1385.241000 -830.002800 542.939100 -280.176200
1392.473000 -833.639800 547.142500 -280.902100
1399.712000 -837.258600 549.411100 -281.130700
1406.940000 -840.856000 553.746400 -281.926800
1414.145000 -844.419900 552.873800 -281.456100
1421.338000 -847.958700 556.619400 -280.813400
1428.540000 -851.473700 560.759200 -279.662900
1435.735000 -854.974700 560.733600 -280.899700
1442.936000 -858.462100 563.270200 -282.276900
1450.116000 -861.922600 567.377300 -281.437500
1457.288000 -865.353900 570.983100 -282.091100
1464.432000 -868.758100 571.913500 -283.262800
1471.550000 -872.135000 574.067000 -284.584700
1478.642000 -875.485100 577.187400 -286.861700
1485.696000 -878.796500 580.678500 -289.454100
1492.712000 -882.085000 581.114400 -290.993100
1499.686000 -885.346400 581.776800 -292.377300
1506.608000 -888.579300 582.830000 -293.492400
1513.510000 -891.787400 583.841500 -294.690000
1520.388000 -894.966500 585.849400 -295.845600
1527.242000 -898.117000 586.151100 -295.960800
1534.067000 -901.240100 585.721600 -295.425000
1540.873000 -904.334900 587.809700 -296.302000
1547.641000 -907.393900 590.143200 -297.535000
1554.374000 -910.425200 587.377000 -296.751300
1561.071000 -913.426300 585.851600 -295.199400
1567.716000 -916.424100 589.598100 -296.894700
1574.331000 -919.426300 588.642500 -296.132700
1580.910000 -922.431500 587.644600 -295.768300
1587.477000 -925.449400 586.487800 -295.412900
1593.998000 -928.484000 586.630200 -293.958800
1600.456000 -931.552300 592.416500 -298.073700
1606.851000 -934.653500 595.339400 -299.292600
1613.177000 -937.795300 599.643900 -301.466100
1619.446000 -940.960600 603.123700 -303.359300
1625.639000 -944.138700 599.076100 -300.739500
1631.780000 -947.302000 604.274400 -303.495000
1637.876000 -950.461600 602.240000 -301.679900
1643.920000 -953.598100 603.032200 -302.317800
1649.931000 -956.702500 601.926400 -303.196600
1655.907000 -959.742900 606.943400 -306.573600
1661.857000 -962.732200 612.395300 -309.817900
1667.828000 -965.652000 611.371400 -309.712600
1673.786000 -968.517000 610.044000 -309.168700
1679.740000 -971.331200 610.048800 -310.171400
1685.682000 -974.128800 614.872100 -312.132400
1691.585000 -976.910500 621.546900 -314.649400
1697.460000 -979.678900 620.698200 -314.205000
1703.321000 -982.431100 623.692600 -315.286900
1709.144000 -985.145100 622.613400 -315.113900
1714.950000 -987.831400 626.417700 -316.165900
1720.748000 -990.466700 629.863200 -316.006100
1726.528000 -993.063100 628.303500 -315.167900
1732.261000 -995.615600 627.241800 -313.058800
1737.915000 -998.126400 623.471500 -312.665200
1743.475000 -1000.590000 617.456400 -309.057100
1748.971000 -1002.990000 620.707000 -310.871300
1754.388000 -1005.375000 624.367200 -311.957400
1759.751000 -1007.751000 629.131800 -313.988100
1764.998000 -1010.123000 626.377000 -312.531700
1770.113000 -1012.467000 627.176900 -313.223000
1775.097000 -1014.785000 626.743300 -312.804100
1779.954000 -1017.080000 627.314300 -313.534400
1784.649000 -1019.347000 628.384800 -314.105300
1789.178000 -1021.604000 629.193800 -314.013500
1793.508000 -1023.881000 632.106500 -315.173400
1797.645000 -1026.269000 635.488900 -316.760200
1801.573000 -1028.814000 638.956200 -317.675300
1805.302000 -1031.525000 644.297700 -320.685800
1808.823000 -1034.439000 645.930200 -320.936000
1812.120000 -1037.563000 650.976100 -323.108800
1815.169000 -1040.921000 653.842300 -324.346900
1817.931000 -1044.484000 657.496200 -325.945800
1820.326000 -1048.207000 661.744500 -328.532200
1822.465000 -1052.152000 664.459900 -329.999300
1824.255000 -1056.260000 666.439800 -330.390100
1825.688000 -1060.491000 668.258400 -331.374300
1826.758000 -1064.825000 670.662600 -334.438800
1827.464000 -1069.230000 672.907900 -335.532400
1827.812000 -1073.687000 674.202300 -336.426400
1827.812000 -1078.165000 675.169700 -338.201300
1827.468000 -1082.643000 675.432900 -338.972000
1826.704000 -1087.072000 676.415700 -338.542500
1825.633000 -1091.489000 676.226400 -339.151700
1824.183000 -1095.811000 677.437900 -340.026700
1822.357000 -1099.995000 678.448500 -340.035200
1820.139000 -1103.994000 677.698200 -340.797500
1817.589000 -1107.799000 677.230200 -341.184000
1814.723000 -1111.351000 676.810200 -341.677000
1811.551000 -1114.626000 676.369500 -342.432400
1808.088000 -1117.606000 676.492900 -342.747200
1804.284000 -1120.246000 676.301900 -342.942500
1800.315000 -1122.623000 675.896500 -343.638000
1796.124000 -1124.692000 676.171500 -342.858000
1791.742000 -1126.471000 677.874000 -339.318400
1787.194000 -1127.955000 678.400900 -338.253700
1782.506000 -1129.180000 678.319700 -339.022300
1777.702000 -1130.193000 678.055700 -339.903100
1772.797000 -1131.038000 677.694300 -341.231200
1767.796000 -1131.740000 677.561700 -341.874000
1762.736000 -1132.348000 677.197000 -343.219000
1757.655000 -1132.885000 676.815300 -344.805300
1752.565000 -1133.366000 676.642200 -345.663400
1747.458000 -1133.818000 676.804600 -345.168900
1742.342000 -1134.251000 676.398900 -347.178700
1737.220000 -1134.667000 676.186800 -349.420600
