0.000000 -0.000000 0.000000 0.000000
0.287920 2.986691 -0.698206 0.460643
0.971569 5.887651 -1.378871 0.909738
2.050498 8.646240 -1.776762 2.211875
3.483068 11.215600 -2.220181 3.119085
5.252124 13.530580 -2.429977 4.229086
7.315983 15.554830 -3.187136 5.512668
9.617499 17.248350 -4.071065 6.544319
12.138440 18.605410 -5.183104 7.708249
14.845670 19.655580 -6.056643 8.570097
17.710960 20.442900 -5.605285 9.363390
20.708720 20.958900 -3.306223 10.005070
23.853650 21.214680 -1.314542 10.475850
27.127230 21.215640 0.729389 10.902330
30.502910 21.029600 1.451740 11.176780
33.942320 20.718590 4.125009 11.160890
37.526800 20.278900 7.529702 10.752180
41.305500 19.746480 10.537480 10.210210
45.281370 19.137530 12.559330 9.897717
49.442010 18.473180 14.517730 9.495414
53.784140 17.768220 14.940060 9.658004
58.319700 17.046980 15.952640 9.560486
63.045640 16.314830 16.610070 9.757586
67.933580 15.564290 17.885960 9.830746
72.949570 14.807080 18.340660 9.744302
78.112070 14.037650 19.540650 9.975183
83.403150 13.249300 23.130610 9.806026
88.827470 12.428430 28.306340 8.993079
94.384170 11.569350 31.584870 8.416648
100.052700 10.639880 36.424360 8.162321
105.791000 9.611618 41.659390 7.738912
111.620600 8.486629 47.269250 6.831502
117.518200 7.246929 51.487120 5.169299
123.481700 5.883248 54.544840 5.047557
129.500400 4.402279 60.916940 4.026115
135.583700 2.806947 66.347910 3.697789
141.730400 1.132152 71.336590 2.108052
147.930500 -0.644931 75.678630 1.206028
154.181200 -2.533182 76.134110 1.263570
160.473700 -4.525316 76.629400 1.274823
166.825700 -6.614701 77.565760 0.994464
173.224500 -8.806086 78.763450 0.787588
179.671400 -11.085600 81.659170 0.277751
186.169900 -13.447970 85.990170 -0.647468
192.708700 -15.908790 90.518310 -1.720844
199.295800 -18.474840 92.095670 -1.522519
205.877000 -21.127230 96.272630 -2.282441
212.474400 -23.878960 98.928780 -2.555552
219.085400 -26.695130 99.330600 -2.698911
225.674300 -29.566300 102.696600 -5.652774
232.258400 -32.511370 104.268700 -5.855440
238.826600 -35.515520 104.582000 -5.928232
245.357100 -38.591140 105.127000 -5.959794
251.842400 -41.746310 105.129600 -5.584560
258.295100 -44.977770 105.364000 -5.699419
264.734000 -48.300070 105.724100 -5.509521
271.174400 -51.720410 105.800300 -5.502214
277.658000 -55.253110 105.923000 -5.625652
284.188500 -58.892510 106.619200 -5.742886
290.770400 -62.649290 106.950000 -5.645014
297.421200 -66.505210 107.792300 -5.699622
304.114100 -70.451700 108.110300 -5.825042
310.871400 -74.512450 109.339800 -6.769295
317.638300 -78.729880 111.539300 -8.179092
324.412000 -83.100090 112.593700 -8.769175
331.147700 -87.570510 113.216600 -9.173686
337.838900 -92.151540 113.679800 -9.223369
344.489200 -96.836160 115.010800 -9.408571
351.109400 -101.590900 116.938600 -9.902003
357.680900 -106.441100 117.322900 -10.038720
364.205100 -111.363100 117.669600 -9.976060
370.654300 -116.349400 117.952000 -10.087950
377.044400 -121.373300 117.975200 -10.003220
383.353100 -126.497900 118.187800 -10.157090
389.648900 -131.627300 118.313100 -10.318960
395.838500 -136.824400 118.479900 -10.585620
401.977500 -142.068800 118.640900 -10.863270
408.063900 -147.386100 118.750900 -11.106140
414.119900 -152.725600 118.993200 -11.417060
420.140100 -158.070100 118.858700 -11.715870
426.135700 -163.442300 118.902700 -12.064340
432.096100 -168.831000 118.769600 -12.277990
438.042000 -174.202900 119.333900 -12.327080
444.039200 -179.520000 119.796700 -12.472240
450.064000 -184.791600 120.473300 -12.881150
456.158000 -189.992400 120.757700 -13.081830
462.246200 -195.183000 121.066600 -13.185310
468.350900 -200.337600 121.558400 -13.370160
474.468300 -205.478700 121.846800 -13.522360
480.606000 -210.588600 122.185200 -13.622550
486.757700 -215.677000 122.439900 -13.664840
492.916600 -220.757600 122.597700 -13.531650
499.072200 -225.827000 122.992100 -13.721630
505.239000 -230.914300 123.303400 -13.814060
511.393900 -235.996900 123.519400 -13.841850
517.549300 -241.076200 123.655400 -13.734910
523.710600 -246.155700 124.274100 -13.888090
529.865100 -251.222800 124.974900 -14.215070
536.037700 -256.292500 125.373100 -14.281310
542.213600 -261.366100 125.896000 -14.427250
548.376000 -266.436600 126.137000 -14.480970
554.549300 -271.525400 126.270800 -14.475690
560.720400 -276.614600 126.482900 -14.420990
566.895900 -281.702100 126.636500 -14.406320
573.077300 -286.787100 126.889000 -14.528080
579.254000 -291.852900 127.045500 -14.521650
585.438300 -296.913900 127.254500 -14.532900
591.610800 -301.938300 127.180600 -14.473010
597.802700 -306.948800 127.529600 -14.433820
604.002400 -311.952300 127.624800 -14.468910
610.204100 -316.963500 127.887500 -14.490880
616.401400 -321.978100 128.079100 -14.511980
622.606700 -326.989100 128.321900 -14.609920
628.813800 -331.994200 128.495200 -14.670540
635.032400 -336.999800 128.566200 -14.667690
641.237400 -341.988600 128.895700 -14.701150
647.445400 -346.968600 129.055300 -14.765690
653.662300 -351.935500 129.539400 -14.841210
659.877900 -356.880600 129.892900 -14.970070
666.112000 -361.828900 130.141900 -14.916810
672.350500 -366.769500 130.456200 -14.965350
678.587600 -371.720300 130.571500 -15.021330
684.819800 -376.684200 130.925100 -15.228880
691.040800 -381.648800 130.974700 -15.256900
697.271000 -386.614300 122.931800 -8.794680
703.506500 -391.568600 122.836400 -8.759995
709.744100 -396.517700 122.952700 -8.896272
715.983900 -401.433800 123.229600 -8.980069
722.229600 -406.329600 123.408600 -9.080765
728.498300 -411.207700 123.827000 -9.307898
734.766400 -416.073400 123.750600 -9.241987
741.047900 -420.934000 124.082100 -9.339717
747.328900 -425.791700 124.116800 -9.355958
753.611600 -430.654100 124.256400 -9.496223
759.909100 -435.497600 124.254100 -9.536128
766.234600 -440.329500 124.258100 -9.512876
772.573000 -445.140400 124.306700 -9.509391
778.917600 -449.932200 124.297000 -9.506820
785.270600 -454.711000 124.438000 -9.542888
791.604400 -459.487600 124.435900 -9.491603
797.914000 -464.271400 124.652400 -9.638376
804.202800 -469.044800 124.563300 -9.670691
810.490200 -473.819600 124.438300 -9.673235
816.791500 -478.590500 124.586000 -9.741725
823.116400 -483.340400 125.087600 -9.856796
829.464500 -488.061400 125.013100 -9.639558
835.854100 -492.776100 124.040200 -8.404565
842.262300 -497.485400 124.226600 -8.115890
848.682700 -502.196400 124.343600 -7.968457
855.114700 -506.913500 124.289800 -7.915924
861.557000 -511.637000 124.145400 -7.728499
868.011600 -516.355400 124.043400 -7.681921
874.441900 -521.049300 123.940200 -7.572089
880.882200 -525.706500 120.302200 -5.030157
887.323800 -530.307900 120.140800 -4.851573
893.755000 -534.861900 119.959800 -4.768714
900.174200 -539.374300 119.748600 -4.682583
906.591000 -543.848100 119.336300 -4.478273
912.989900 -548.291900 119.136700 -4.424778
919.400600 -552.731200 118.800700 -4.408535
925.806600 -557.125700 118.803000 -4.374277
932.226300 -561.535200 118.388300 -4.179532
938.632500 -565.932700 118.152000 -4.132812
945.057500 -570.322000 117.892200 -4.080357
951.507700 -574.710200 117.779900 -4.052123
957.980400 -579.074900 117.536700 -3.969102
964.464000 -583.424600 117.372100 -3.905515
970.963300 -587.758200 117.435100 -3.870440
977.455300 -592.093300 117.377400 -3.675504
983.961700 -596.421100 117.322700 -3.544027
990.461700 -600.766400 117.202300 -3.361405
996.966300 -605.096100 117.331000 -3.196717
1003.471000 -609.407800 117.155200 -1.972914
1009.973000 -613.695400 115.664800 -1.636856
1016.458000 -617.959200 115.645900 -1.518705
1022.925000 -622.217200 115.230200 -1.538406
1029.367000 -626.452700 114.537100 -0.372993
1035.804000 -630.641600 114.600700 -0.296979
1042.231000 -634.798800 114.674400 -0.384198
1048.656000 -638.946200 114.689100 -0.387809
1055.084000 -643.051500 114.637000 -0.460513
1061.525000 -647.144100 115.100300 -0.364240
1067.966000 -651.185500 114.974100 -0.319307
1074.401000 -655.235300 115.066100 -0.268769
1080.840000 -659.293400 115.287200 -0.441232
1087.270000 -663.328400 116.643800 -1.238740
1093.718000 -667.347400 116.418800 -1.612617
1100.195000 -671.340900 116.324200 -1.974026
1106.668000 -675.317100 116.896600 -4.934772
1113.157000 -679.272000 116.493000 -5.526562
1119.659000 -683.201000 116.805000 -5.524210
1126.198000 -687.131900 116.860000 -5.501897
1132.753000 -691.046400 119.644300 -5.603269
1139.341000 -694.955400 119.646500 -5.646850
1145.954000 -698.852200 119.744700 -5.628479
1152.585000 -702.740800 120.270400 -5.641730
1159.229000 -706.637800 120.274200 -5.610964
1165.886000 -710.538400 120.461100 -5.581627
1172.562000 -714.459000 120.816300 -5.551993
1179.271000 -718.394000 121.260900 -5.573253
1186.021000 -722.344800 121.501100 -5.425098
1192.784000 -726.294800 121.884100 -5.612089
1199.585000 -730.258400 122.342800 -5.678825
1206.417000 -734.212600 122.970100 -5.774976
1213.283000 -738.159200 123.106200 -5.720868
1220.173000 -742.105200 123.693900 -5.647069
1227.101000 -746.027900 123.976300 -5.667327
1234.074000 -749.929400 124.200200 -5.619239
1241.082000 -753.823500 124.466300 -5.538964
1248.123000 -757.717500 125.205800 -5.560321
1255.209000 -761.611600 125.249200 -5.484869
1262.318000 -765.501500 125.494700 -5.502452
1269.473000 -769.393200 125.428200 -5.450972
1276.670000 -773.287000 125.330300 -5.398778
1283.885000 -777.170800 125.510300 -5.376405
1291.103000 -781.040700 125.684400 -5.478807
1298.329000 -784.899000 126.012500 -5.434208
1305.561000 -788.742100 126.043100 -5.404038
1312.794000 -792.571300 125.998200 -5.359988
1320.032000 -796.384600 126.138900 -5.248926
1327.287000 -800.172300 126.296500 -5.224205
1334.542000 -803.950000 126.554900 -5.259480
1341.797000 -807.723100 126.620400 -5.234548
1349.058000 -811.481900 126.655100 -5.245089
1356.319000 -815.232700 126.783600 -5.232535
1363.568000 -818.960500 126.641200 -5.128552
1370.797000 -822.663500 126.690800 -5.132950
1378.014000 -826.342400 126.485300 -5.034478
1385.241000 -830.002800 126.555600 -5.023969
1392.473000 -833.639800 126.707200 -4.987376
1399.712000 -837.258600 126.705100 -4.883644
1406.940000 -840.856000 126.723100 -4.699307
1414.145000 -844.419900 126.647300 -4.305233
1421.338000 -847.958700 126.301600 -2.458925
1428.540000 -851.473700 128.591600 0.143781
1435.735000 -854.974700 135.719500 0.354351
1442.936000 -858.462100 140.734600 0.490773
1450.116000 -861.922600 143.370000 0.640051
1457.288000 -865.353900 143.636300 0.717846
1464.432000 -868.758100 143.725400 0.638408
1471.550000 -872.135000 143.660700 0.683905
1478.642000 -875.485100 143.843100 0.761813
1485.696000 -878.796500 144.143000 0.769034
1492.712000 -882.085000 144.019000 0.800033
1499.686000 -885.346400 144.106700 0.781835
1506.608000 -888.579300 144.434100 0.519882
1513.510000 -891.787400 145.535200 -0.220348
1520.388000 -894.966500 146.924400 -0.466257
1527.242000 -898.117000 147.265000 -0.518640
1534.067000 -901.240100 147.460300 -0.550324
1540.873000 -904.334900 147.675200 -0.694460
1547.641000 -907.393900 147.798800 -0.703792
1554.374000 -910.425200 147.701400 -0.684225
1561.071000 -913.426300 147.699900 -0.684891
1567.716000 -916.424100 147.789800 -0.635286
1574.331000 -919.426300 147.952200 -0.670245
1580.910000 -922.431500 147.939100 -0.745517
1587.477000 -925.449400 148.079700 -0.808137
1593.998000 -928.484000 148.086700 -0.844589
1600.456000 -931.552300 148.366500 -1.061987
1606.851000 -934.653500 148.584100 -1.339106
1613.177000 -937.795300 148.808300 -1.606777
1619.446000 -940.960600 149.339500 -1.895237
1625.639000 -944.138700 149.531300 -2.159734
1631.780000 -947.302000 149.808200 -2.473411
1637.876000 -950.461600 149.741700 -2.821302
1643.920000 -953.598100 149.674000 -3.221731
1649.931000 -956.702500 148.158500 -4.198048
1655.907000 -959.742900 147.780100 -4.541397
1661.857000 -962.732200 147.169300 -4.927110
1667.828000 -965.652000 146.313100 -5.312051
1673.786000 -968.517000 145.603000 -5.586549
1679.740000 -971.331200 144.900300 -5.894332
1685.682000 -974.128800 144.336800 -6.158856
1691.585000 -976.910500 144.012700 -6.497964
1697.460000 -979.678900 143.154100 -6.759618
1703.321000 -982.431100 142.598300 -6.982995
1709.144000 -985.145100 142.123900 -7.132540
1714.950000 -987.831400 142.465000 -7.137562
1720.748000 -990.466700 144.240700 -6.823600
1726.528000 -993.063100 146.716500 -6.469754
1732.261000 -995.615600 147.025100 -6.372911
1737.915000 -998.126400 147.365700 -6.227710
1743.475000 -1000.590000 147.319900 -6.116449
1748.971000 -1002.990000 147.483600 -6.103860
1754.388000 -1005.375000 147.338700 -6.154247
1759.751000 -1007.751000 147.277300 -6.197127
1764.998000 -1010.123000 147.171400 -6.315894
1770.113000 -1012.467000 146.905000 -6.436025
1775.097000 -1014.785000 146.634400 -6.630112
1779.954000 -1017.080000 146.323300 -6.869123
1784.649000 -1019.347000 145.924000 -6.962593
1789.178000 -1021.604000 145.384400 -6.789230
1793.508000 -1023.881000 145.030500 -6.729822
1797.645000 -1026.269000 145.077300 -6.281910
1801.573000 -1028.814000 144.310800 -5.872836
1805.302000 -1031.525000 145.208600 -5.334023
1808.823000 -1034.439000 145.227100 -4.634593
1812.120000 -1037.563000 145.593600 -3.981535
1815.169000 -1040.921000 146.072400 -3.349332
1817.931000 -1044.484000 146.488400 -2.740644
1820.326000 -1048.207000 147.126200 -2.107741
1822.465000 -1052.152000 147.793300 -1.560713
1824.255000 -1056.260000 148.437800 -0.913475
1825.688000 -1060.491000 149.143000 -0.549583
1826.758000 -1064.825000 149.722700 -0.222788
1827.464000 -1069.230000 150.225500 0.481771
1827.812000 -1073.687000 150.667500 0.971526
1827.812000 -1078.165000 152.605900 -1.129062
1827.468000 -1082.643000 153.252200 -0.520823
1826.704000 -1087.072000 154.082100 0.012952
1825.633000 -1091.489000 155.290000 0.178858
1824.183000 -1095.811000 155.994300 -1.179855
1822.357000 -1099.995000 156.929900 -1.510236
1820.139000 -1103.994000 156.881200 -1.061474
1817.589000 -1107.799000 156.942500 -0.541630
1814.723000 -1111.351000 156.979000 -0.484763
1811.551000 -1114.626000 157.006400 -0.151229
1808.088000 -1117.606000 157.221500 -0.169153
1804.284000 -1120.246000 157.129100 0.124930
1800.315000 -1122.623000 157.405200 0.478986
1796.124000 -1124.692000 157.259000 0.818257
1791.742000 -1126.471000 157.526600 1.412681
1787.194000 -1127.955000 157.673700 1.839002
1782.506000 -1129.180000 157.980900 1.541844
1777.702000 -1130.193000 158.207700 1.024133
1772.797000 -1131.038000 158.445300 0.128325
1767.796000 -1131.740000 158.598700 -0.180248
1762.736000 -1132.348000 158.650400 -0.669020
1757.655000 -1132.885000 158.769100 -1.413299
1752.565000 -1133.366000 158.782200 -2.092378
1747.458000 -1133.818000 158.630400 -2.559858
1742.342000 -1134.251000 158.609100 -2.932929
1737.220000 -1134.667000 158.617900 -3.316014
