0 0.001221 0.113043 100.000000 6.289308
0 0.000683 0.151809 200.000000 6.666667
0 0.000483 0.195261 300.000000 7.194244
0 0.000417 0.238504 400.000000 7.312614
0 0.000447 0.287867 500.000000 7.587254
10 0.001025 0.119923 100.000000 6.211180
10 0.000575 0.153974 200.000000 6.666667
10 0.000427 0.204443 300.000000 7.194244
10 0.000399 0.241121 400.000000 7.299270
10 0.000457 0.290502 500.000000 7.575758
20 0.000827 0.130912 100.000000 6.134969
20 0.000473 0.153970 200.000000 6.666667
20 0.000421 0.207813 300.000000 7.194244
20 0.000394 0.246496 400.000000 7.299270
20 0.000455 0.292620 500.000000 7.552870
30 0.000794 0.152609 100.000000 5.952381
30 0.000432 0.158078 200.000000 6.688963
30 0.000421 0.210277 300.000000 7.211538
30 0.000389 0.255460 400.000000 7.312614
30 0.000459 0.295193 500.000000 7.541478
40 0.000785 0.166360 100.000000 5.847953
40 0.000431 0.164124 200.000000 6.734007
40 0.000430 0.213713 300.000000 7.246377
40 0.000405 0.260573 400.000000 7.326007
40 0.000464 0.299295 500.000000 7.518797
50 0.000764 0.171229 100.000000 5.847953
50 0.000398 0.169648 200.000000 6.779661
50 0.000430 0.218787 300.000000 7.281553
50 0.000404 0.268263 400.000000 7.366483
50 0.000485 0.302281 500.000000 7.485030
60 0.000670 0.168627 100.000000 5.988024
60 0.000349 0.167128 200.000000 6.896552
60 0.000369 0.221627 300.000000 7.352941
60 0.000357 0.268057 400.000000 7.434944
60 0.000449 0.297471 500.000000 7.429420
70 0.000606 0.171219 100.000000 6.211180
70 0.000320 0.167846 200.000000 7.042253
70 0.000347 0.222400 300.000000 7.481297
70 0.000344 0.269013 400.000000 7.518797
70 0.000465 0.295173 500.000000 7.418397
80 0.000543 0.178707 100.000000 6.451613
80 0.000294 0.170398 200.000000 7.220217
80 0.000342 0.226030 300.000000 7.614213
80 0.000350 0.271943 400.000000 7.619048
80 0.000520 0.295677 500.000000 7.440476
90 0.000549 0.190248 100.000000 6.711410
90 0.000265 0.173884 200.000000 7.380074
90 0.000344 0.230067 300.000000 7.751938
90 0.000366 0.276234 400.000000 7.722008
90 0.000528 0.297614 500.000000 7.440476
100 0.000618 0.193935 100.000000 6.896552
100 0.000284 0.173176 200.000000 7.518797
100 0.000358 0.232797 300.000000 7.832898
100 0.000385 0.281193 400.000000 7.797271
100 0.000552 0.297598 500.000000 7.342144
110 0.000574 0.193373 100.000000 6.896552
110 0.000246 0.173425 200.000000 7.547170
110 0.000342 0.233723 300.000000 7.894737
110 0.000382 0.284313 400.000000 7.858546
120 0.000559 0.193315 100.000000 6.849315
120 0.000245 0.176037 200.000000 7.575758
120 0.000336 0.235657 300.000000 7.894737
120 0.000385 0.288122 400.000000 7.905138
130 0.000518 0.182236 100.000000 6.849315
130 0.000245 0.183817 200.000000 7.575758
130 0.000327 0.238926 300.000000 7.812500
130 0.000391 0.293256 400.000000 7.920792
140 0.000467 0.176365 100.000000 6.896552
140 0.000239 0.193575 200.000000 7.633588
140 0.000310 0.246999 300.000000 7.751938
140 0.000389 0.299978 400.000000 7.936508
150 0.000466 0.175537 100.000000 6.993007
150 0.000250 0.208197 200.000000 7.662835
150 0.000309 0.256675 300.000000 7.712082
150 0.000401 0.309897 400.000000 7.968128
160 0.000409 0.168122 100.000000 7.042253
160 0.000251 0.214864 200.000000 7.722008
160 0.000318 0.263761 300.000000 7.712082
160 0.000424 0.316160 400.000000 7.984032
170 0.000334 0.165531 100.000000 7.142857
170 0.000299 0.228239 200.000000 7.782101
170 0.000343 0.265427 300.000000 7.731959
170 0.000449 0.318102 400.000000 8.000000
180 0.000237 0.164508 100.000000 7.246377
180 0.000329 0.235836 200.000000 7.843137
180 0.000348 0.269915 300.000000 7.772021
180 0.000449 0.319993 400.000000 8.000000
190 0.000155 0.158625 100.000000 7.407407
190 0.000361 0.232540 200.000000 7.936508
190 0.000338 0.276567 300.000000 7.832898
190 0.000447 0.319213 400.000000 8.032128
200 0.000105 0.158497 100.000000 7.575758
200 0.000387 0.230618 200.000000 8.064516
200 0.000351 0.279029 300.000000 7.915567
200 0.000455 0.319561 400.000000 8.064516
210 0.000064 0.158769 100.000000 7.812500
210 0.000381 0.231414 200.000000 8.163265
210 0.000367 0.281183 300.000000 7.978724
210 0.000445 0.320134 400.000000 8.080808
220 0.000070 0.164354 100.000000 8.000000
220 0.000376 0.236007 200.000000 8.264462
220 0.000369 0.291810 300.000000 8.021390
220 0.000475 0.323094 400.000000 8.016032
230 0.000050 0.164289 100.000000 8.064516
230 0.000338 0.245670 200.000000 8.298756
230 0.000351 0.296465 300.000000 8.064516
230 0.000515 0.320565 400.000000 7.782101
240 0.000160 0.169195 100.000000 8.130081
240 0.000323 0.251049 200.000000 8.368201
240 0.000358 0.303706 300.000000 8.108109
240 0.000534 0.316926 400.000000 7.575758
250 0.000220 0.167063 100.000000 8.196721
250 0.000310 0.251918 200.000000 8.438819
250 0.000360 0.308743 300.000000 8.174387
260 0.000332 0.170609 100.000000 8.333333
260 0.000311 0.255185 200.000000 8.510638
260 0.000366 0.313828 300.000000 8.264462
270 0.000428 0.181018 100.000000 8.333333
270 0.000342 0.259968 200.000000 8.438819
270 0.000395 0.319498 300.000000 8.310249
280 0.000518 0.215312 100.000000 8.403361
280 0.000394 0.278001 200.000000 8.230453
280 0.000440 0.333699 300.000000 8.333333
290 0.000546 0.244878 100.000000 8.403361
290 0.000395 0.291824 200.000000 8.130081
290 0.000449 0.346891 300.000000 8.333333
300 0.000596 0.264729 100.000000 8.403361
300 0.000430 0.307139 200.000000 8.064516
300 0.000503 0.361782 300.000000 8.310249
310 0.000582 0.294869 100.000000 8.403361
310 0.000452 0.313923 200.000000 8.000000
310 0.000535 0.364978 300.000000 8.287292
320 0.000694 0.305903 100.000000 8.474576
320 0.000470 0.329393 200.000000 8.000000
320 0.000550 0.370402 300.000000 8.241758
330 0.000721 0.305071 100.000000 8.474576
330 0.000491 0.341080 200.000000 8.032128
330 0.000575 0.373491 300.000000 8.196721
340 0.000725 0.310856 100.000000 8.474576
340 0.000535 0.352618 200.000000 8.000000
340 0.000615 0.378981 300.000000 8.064516
350 0.000710 0.327794 100.000000 8.403361
350 0.000540 0.365166 200.000000 8.000000
350 0.000650 0.377059 300.000000 7.751938
360 0.000613 0.337501 100.000000 8.474576
360 0.000526 0.372967 200.000000 8.032128
360 0.000725 0.369389 300.000000 7.425743
370 0.000595 0.343967 100.000000 8.547009
370 0.000538 0.383153 200.000000 8.130081
380 0.000588 0.346902 100.000000 8.547009
380 0.000562 0.392824 200.000000 8.196721
390 0.000563 0.348562 100.000000 8.333333
390 0.000577 0.398773 200.000000 8.230453
400 0.000507 0.341334 100.000000 7.936508
400 0.000568 0.397166 200.000000 8.230453
410 0.000475 0.350352 100.000000 7.692307
410 0.000601 0.411970 200.000000 8.230453
420 0.000496 0.355299 100.000000 7.575758
420 0.000646 0.413332 200.000000 8.196721
430 0.000462 0.339251 100.000000 7.518797
430 0.000645 0.399337 200.000000 8.163265
440 0.000364 0.367353 100.000000 7.518797
440 0.000638 0.401450 200.000000 8.064516
450 0.000356 0.376469 100.000000 7.518797
450 0.000631 0.401992 200.000000 7.968128
460 0.000368 0.399047 100.000000 7.518797
460 0.000651 0.402358 200.000000 7.751938
470 0.000400 0.395288 100.000000 7.575758
470 0.000799 0.386613 200.000000 7.272727
480 0.000470 0.410751 100.000000 7.575758
480 0.000833 0.372044 200.000000 6.756757
490 0.000518 0.421573 100.000000 7.692307
500 0.000560 0.433694 100.000000 7.874016
510 0.000588 0.442415 100.000000 8.064516
520 0.000629 0.444196 100.000000 8.333333
530 0.000648 0.446617 100.000000 8.547009
540 0.000734 0.464318 100.000000 8.771930
550 0.000791 0.461450 100.000000 8.849558
560 0.000864 0.461031 100.000000 8.771930
570 0.000907 0.440889 100.000000 8.620689
580 0.000936 0.427992 100.000000 8.403361
590 0.000965 0.416199 100.000000 8.000000
600 0.001123 0.383419 100.000000 6.993007
610 0.001229 0.340121 100.000000 6.060606
