-0.000000 0.000000 0.000000 0.000000
-0.031067 2.888054 0.097712 2.387299
-0.064585 5.738958 0.185131 5.003115
-0.101303 8.535486 0.236301 7.416616
-0.142195 11.339520 0.221900 9.857225
-0.184906 14.041360 0.309937 12.355650
-0.236713 16.743090 0.379081 14.471890
-0.293743 19.414190 0.552603 16.887300
-0.351775 22.037930 0.459205 18.988280
-0.412104 24.615430 0.591826 21.225030
-0.469077 27.080370 0.439439 23.792930
-0.537729 29.454710 0.178714 26.269680
-0.609883 31.753310 0.261572 28.955550
-0.707028 33.962280 -0.093290 30.900250
-0.822501 36.085730 -0.153814 33.348210
-0.935694 38.111240 -0.390303 35.458510
-1.022967 40.037480 -0.388980 37.833650
-1.107347 41.890890 -0.286127 39.930580
-1.156523 43.592390 -0.527423 41.720790
-1.165281 45.110470 -1.012852 43.159120
-1.139704 46.435620 -1.603863 44.462900
-1.077742 47.567320 -1.957005 45.917960
-1.006263 48.450880 -1.759648 46.748140
-0.897746 49.232390 -1.656035 47.449710
-0.757712 49.986150 -1.219512 48.281990
-0.562625 50.707270 -0.834587 48.765410
-0.317219 51.420200 -0.318578 49.334360
0.000274 52.129820 0.537436 49.945820
0.427978 52.800310 1.537594 50.517200
0.965237 53.472800 2.373367 51.280520
1.658262 54.153430 3.499814 51.898780
2.612681 54.789880 4.788326 51.960540
3.766145 55.335410 6.246389 52.075520
5.103719 55.721430 7.916220 52.814600
6.612372 55.902800 8.836356 52.875870
8.209580 55.971350 10.199620 52.936400
9.933246 55.981820 11.797990 52.852380
11.755010 55.963040 13.476200 52.898500
13.673080 55.883300 15.468420 53.007180
15.697980 55.779010 17.302130 53.089640
17.784720 55.672100 19.626120 53.201500
19.978240 55.590270 20.969010 53.336850
22.167140 55.510110 23.280240 53.424990
24.373310 55.484540 25.505200 53.622420
26.568060 55.472620 27.198610 53.933130
28.777650 55.510270 28.932150 54.122430
30.985590 55.548590 31.107290 54.424180
33.207400 55.613480 33.484750 54.993860
35.442520 55.709300 35.884460 55.574510
37.704740 55.826600 38.333300 55.980840
40.002200 55.976310 40.063870 56.317600
42.339510 56.141300 42.124430 56.787640
44.713720 56.343910 43.890590 57.230560
47.122240 56.605330 46.668130 58.040030
49.540680 56.921620 48.788220 58.656830
51.989070 57.297260 51.204180 59.273420
54.343180 57.698510 53.405130 59.901800
56.645460 58.120330 55.290590 60.517400
58.876010 58.567270 57.586180 61.254250
61.013190 59.021080 59.233750 62.032200
63.055930 59.468430 60.736370 62.626930
65.032810 59.902180 62.792690 63.174930
66.922080 60.298360 64.213680 63.836220
68.724720 60.677920 66.281610 64.559990
70.449950 61.033000 67.947040 65.076620
72.086540 61.346730 69.399060 65.489430
73.701140 61.657010 70.863190 65.925450
75.335240 61.944750 72.257190 66.282460
76.992600 62.291350 73.944880 66.912080
78.692590 62.691950 75.500310 67.628070
80.453400 63.179850 76.865200 68.156450
82.265790 63.740490 79.152660 69.390710
84.194030 64.399810 81.185690 70.461500
86.224450 65.153770 83.070880 71.635160
88.357870 65.993410 84.417050 72.406200
90.502450 66.907090 87.026710 74.145530
92.609040 67.903710 88.057800 74.921600
94.633120 68.920130 90.608250 76.826650
96.583420 69.912990 92.351300 78.203740
98.435050 70.883890 94.065560 79.443400
100.212200 71.816210 95.813250 80.637950
101.905500 72.735820 97.164440 81.576050
103.511500 73.620900 99.044150 83.143100
105.060100 74.482340 100.461900 84.309180
106.565000 75.343110 102.088200 85.681140
108.028900 76.228830 103.494500 87.002750
109.484600 77.160920 104.904100 88.290670
111.012500 78.171090 106.443400 89.692290
112.582900 79.246780 107.781200 91.233600
114.228600 80.425890 108.972700 92.508910
115.947600 81.729260 110.335800 93.846080
117.700100 83.151090 111.805800 95.613970
119.523000 84.685210 113.613700 97.453900
121.433400 86.292660 115.219900 99.095440
123.377700 87.978210 116.647700 100.654200
125.311100 89.753620 118.679000 103.097100
127.275600 91.596860 119.963200 104.480100
129.224500 93.463900 121.514000 106.268800
131.149100 95.403230 123.065100 108.437300
133.059000 97.419260 124.734000 110.914800
134.953900 99.488560 126.175600 113.035100
136.852800 101.578900 127.830600 115.459500
138.768400 103.700800 129.298700 117.750500
140.668600 105.771500 130.799300 120.049300
142.593300 107.805600 132.148700 122.056900
144.499400 109.783900 134.238700 124.990700
146.448400 111.754000 135.902700 127.155600
148.396300 113.639400 137.693700 129.599500
150.376300 115.438400 139.283900 132.118400
152.404100 117.222400 140.889000 134.426200
154.478600 118.989300 142.669700 136.945100
156.645400 120.724500 144.356400 139.051200
158.905800 122.432200 145.809100 141.026400
161.194700 124.063600 148.237800 143.773600
163.498700 125.601900 149.693300 145.464600
165.800800 127.092000 151.558400 147.569700
168.046900 128.527100 153.252200 149.407000
170.193100 129.881700 155.087000 151.330300
172.320500 131.175000 156.641200 152.999700
174.354500 132.418200 158.272100 154.742900
176.353200 133.630800 159.178500 155.744400
178.293700 134.777800 161.158800 157.828000
180.174800 135.863800 162.578200 159.201000
181.990300 136.890800 164.215000 160.676200
183.746700 137.844100 165.897000 162.201300
185.502900 138.752600 167.602500 163.637500
187.316700 139.650000 169.221300 164.928700
189.197800 140.526600 170.783600 166.148200
191.166700 141.381000 172.820200 167.777900
193.245000 142.204500 173.871200 168.175600
195.460000 143.026300 175.336700 168.904400
197.772100 143.833600 177.339700 170.253600
200.145100 144.607400 180.252900 172.357200
202.692400 145.397600 180.927800 171.244200
205.249500 146.171900 183.957200 173.165300
207.860900 146.926000 184.607000 171.964700
210.549200 147.643600 186.698700 172.359300
213.300400 148.348200 190.114400 174.006900
216.084100 149.048900 192.294900 174.103300
218.860300 149.726200 194.402400 174.497800
221.644800 150.382100 197.886700 177.060400
224.412100 151.021800 200.826900 178.867200
227.167600 151.643200 202.314600 178.671500
229.918900 152.230300 205.645300 181.031500
232.689500 152.785800 208.432400 182.551500
235.449300 153.313200 210.478000 182.689500
238.199800 153.803200 212.951900 184.004600
240.934200 154.256400 215.164200 184.925800
243.668800 154.668400 218.183300 186.273700
246.368400 155.041200 220.780500 187.378100
249.069800 155.358200 222.697500 187.984900
251.725900 155.632800 226.192000 189.282600
254.402400 155.881300 227.450600 189.796200
257.042800 156.089700 229.663300 190.532800
259.660100 156.224000 232.022700 190.944900
262.271700 156.315800 235.204200 191.724000
264.865700 156.356900 237.611700 191.876300
267.459400 156.359600 239.608300 192.114400
270.039500 156.343700 241.905200 192.467400
272.588200 156.330000 244.037800 192.836900
275.056200 156.330100 246.123600 193.184800
277.448400 156.359600 248.803800 193.945900
279.738200 156.429500 251.228700 194.511900
281.938200 156.520200 253.336100 195.027800
284.012100 156.634000 255.058100 195.344200
285.967000 156.761600 256.974300 195.890100
287.810800 156.898300 259.593800 196.995500
289.549300 157.041600 261.996000 198.097300
291.199000 157.180400 263.232900 198.669600
292.759600 157.324200 265.600500 199.926600
294.237400 157.467800 266.723000 200.273300
295.702000 157.617000 267.764900 200.406100
297.209000 157.765400 268.506500 200.171100
298.767900 157.889400 270.471000 200.520700
300.432800 158.016900 272.420300 201.035000
302.189300 158.141600 273.909300 201.208200
304.038500 158.267800 275.500200 201.251000
305.995200 158.405700 277.595600 202.114900
308.048700 158.531900 280.729900 202.935700
310.174500 158.661100 281.858300 202.910300
312.381400 158.771100 283.980600 202.970600
314.676200 158.867600 285.816800 203.024200
317.037300 158.975500 288.244400 203.469400
319.477900 159.096700 290.908700 204.079300
321.983300 159.231700 292.933900 204.523300
324.556700 159.385400 294.572400 204.639400
327.199000 159.561700 296.853700 205.082300
329.888000 159.763100 300.482600 206.021700
332.606500 159.992500 302.921500 206.610500
335.346200 160.242300 305.429200 207.305400
338.087800 160.502200 308.895400 208.208400
340.808300 160.751300 312.741900 209.127100
343.520500 160.989100 314.252800 209.335100
346.223500 161.227200 317.490300 210.329800
348.906500 161.474100 318.143600 209.969000
351.590100 161.717700 320.939700 210.575400
354.273100 161.969400 322.073500 210.368600
356.966000 162.239900 327.020900 212.354000
359.666600 162.550200 329.132900 212.917300
362.375700 162.896300 331.603900 213.688900
365.062800 163.323000 335.372500 215.479900
367.727000 163.850800 337.532700 216.457100
370.348600 164.475400 340.148900 217.665600
372.964400 165.138700 342.552300 218.495200
375.599800 165.826700 345.650000 219.930600
378.229900 166.566100 347.222200 220.708700
380.801800 167.357500 349.219800 221.757900
383.318400 168.171800 351.913700 223.283800
385.808200 169.013900 353.216800 223.706700
388.246500 169.856400 356.521000 225.363900
390.650800 170.695000 358.750500 226.427400
393.014800 171.503500 360.755900 227.168600
395.404400 172.284100 362.370400 227.492100
397.780400 173.063700 366.552200 230.064800
400.205400 173.874000 368.023600 230.308100
402.725900 174.699400 372.089000 231.905100
405.238700 175.529800 373.509000 232.452700
407.810400 176.369600 376.650200 234.134700
410.380800 177.246300 377.872900 234.907700
412.944100 178.091800 380.179800 236.131400
415.502100 178.907300 383.233200 237.386600
417.987000 179.722000 385.608400 237.829300
420.400700 180.499000 388.343100 239.581700
422.723500 181.229600 390.076800 240.122400
424.970600 181.953100 392.731100 241.779800
427.191300 182.654700 395.417200 241.974900
429.364900 183.330700 397.615200 242.226700
431.542400 184.015100 399.889300 243.959400
433.709700 184.706100 402.376500 245.186400
435.894400 185.396800 404.260600 245.669800
437.987000 186.094800 406.386800 246.008700
439.976500 186.775400 408.110200 246.612100
441.889500 187.423200 410.305600 246.854900
443.709700 188.041300 412.300900 247.741900
445.449300 188.641500 414.086500 248.552300
447.056300 189.201200 416.078000 249.235000
448.590500 189.739900 417.659800 250.023700
450.015000 190.249300 419.120100 250.398300
451.352700 190.721500 420.512200 251.070900
452.596100 191.161200 421.823900 251.583400
453.710200 191.550200 423.208800 252.111400
454.731200 191.911400 424.134600 252.526200
455.653200 192.246800 425.156500 252.753400
456.505300 192.533700 426.160500 253.031400
457.319300 192.826200 427.045900 253.434800
458.109900 193.111500 427.862100 253.574800
458.896600 193.410900 428.668900 253.867800
459.697700 193.760100 429.536600 254.499900
460.531700 194.165900 430.302500 255.256400
461.370300 194.631800 430.976200 256.094200
462.158600 195.139900 431.703200 256.928600
462.899600 195.612800 432.428100 257.396700
463.586200 195.962000 433.235100 257.562100
464.354300 196.273600 434.183700 257.645500
465.139400 196.550800 435.054200 257.747600
465.948600 196.799800 435.918400 257.720200
466.714000 197.006300 436.727100 257.799400
467.409700 197.209000 437.439500 258.060000
468.004600 197.427000 437.987000 258.411900
468.491000 197.643300 438.409700 258.970600
468.884200 197.788300 438.690900 259.338100
469.204000 197.984300 438.960500 259.640300
469.473000 198.134800 439.131200 259.960400
469.708700 198.262200 439.357000 260.176400
469.857800 198.400100 439.509800 260.332800
469.984600 198.505100 439.623800 260.499400
470.093200 198.600100 439.704200 260.549300
