0 0.001137 0.421229 100.000000 12.195122
0 0.000931 0.351106 200.000000 15.384615
0 0.000893 0.326386 300.000000 17.543859
0 0.000928 0.380318 400.000000 19.138756
0 0.000760 0.460279 500.000000 20.325203
0 0.000650 0.508993 600.000000 21.126760
0 0.000576 0.535103 700.000000 21.806854
0 0.000510 0.555426 800.000000 22.284122
10 0.001409 0.394389 100.000000 12.987013
10 0.001003 0.335254 200.000000 16.129032
10 0.000950 0.337231 300.000000 18.181818
10 0.000956 0.394243 400.000000 19.704433
10 0.000775 0.481844 500.000000 20.833334
10 0.000668 0.513442 600.000000 21.582733
10 0.000596 0.539790 700.000000 22.222221
10 0.000534 0.561546 800.000000 22.662889
20 0.001202 0.354197 100.000000 13.888889
20 0.000937 0.306495 200.000000 16.949152
20 0.000892 0.323149 300.000000 18.867924
20 0.000887 0.397667 400.000000 20.304569
20 0.000723 0.479508 500.000000 21.367521
20 0.000625 0.522455 600.000000 22.140221
20 0.000558 0.549274 700.000000 22.653721
20 0.000501 0.564290 800.000000 23.121387
30 0.000961 0.283553 100.000000 14.925373
30 0.000864 0.275249 200.000000 17.857143
30 0.000816 0.309807 300.000000 19.607843
30 0.000810 0.390949 400.000000 21.052631
30 0.000653 0.471574 500.000000 22.026432
30 0.000571 0.499950 600.000000 22.641510
30 0.000508 0.544059 700.000000 23.178808
30 0.000461 0.565678 800.000000 23.529411
40 0.001012 0.277391 100.000000 16.129032
40 0.000838 0.269030 200.000000 18.867924
40 0.000814 0.308754 300.000000 20.408163
40 0.000793 0.400761 400.000000 21.739130
40 0.000660 0.483601 500.000000 22.624434
40 0.000565 0.514422 600.000000 23.166023
40 0.000501 0.539184 700.000000 23.648649
40 0.000456 0.566989 800.000000 23.952095
50 0.000957 0.254951 100.000000 17.241379
50 0.000851 0.297789 200.000000 19.801981
50 0.000839 0.323531 300.000000 21.276596
50 0.000784 0.418124 400.000000 22.471910
50 0.000662 0.491636 500.000000 23.148148
50 0.000561 0.512842 600.000000 23.715416
50 0.000500 0.558314 700.000000 24.054983
50 0.000453 0.583716 800.000000 24.316109
60 0.001209 0.272825 100.000000 18.518518
60 0.000916 0.284343 200.000000 20.618557
60 0.000941 0.338903 300.000000 21.897810
60 0.000785 0.443700 400.000000 22.988506
60 0.000666 0.508150 500.000000 23.696682
60 0.000573 0.538027 600.000000 24.096386
60 0.000499 0.568201 700.000000 24.475525
60 0.000458 0.593458 800.000000 24.691359
70 0.001109 0.229419 100.000000 19.230770
70 0.000853 0.279552 200.000000 21.276596
70 0.000919 0.344113 300.000000 22.556391
70 0.000747 0.462778 400.000000 23.529411
70 0.000625 0.505276 500.000000 24.154589
70 0.000542 0.550485 600.000000 24.489796
70 0.000478 0.567105 700.000000 24.822695
70 0.000429 0.594348 800.000000 25.000000
80 0.001076 0.252548 100.000000 20.408163
80 0.000909 0.273408 200.000000 21.978022
80 0.000943 0.367468 300.000000 23.255814
80 0.000729 0.477572 400.000000 24.096386
80 0.000610 0.534453 500.000000 24.509804
80 0.000536 0.561067 600.000000 24.896265
80 0.000469 0.580120 700.000000 25.089605
80 0.000410 0.611163 800.000000 25.316456
90 0.000976 0.250310 100.000000 21.276596
90 0.000860 0.291594 200.000000 22.471910
90 0.000875 0.410161 300.000000 23.809525
90 0.000664 0.514790 400.000000 24.539877
90 0.000559 0.557329 500.000000 24.875622
90 0.000490 0.585931 600.000000 25.210085
90 0.000433 0.594159 700.000000 25.362318
90 0.000368 0.637821 800.000000 25.477707
100 0.000739 0.246455 100.000000 21.739130
100 0.000758 0.309834 200.000000 23.255814
100 0.000757 0.423850 300.000000 24.390244
100 0.000581 0.535011 400.000000 24.844721
100 0.000484 0.548569 500.000000 25.252525
100 0.000422 0.581579 600.000000 25.423729
100 0.000380 0.607288 700.000000 25.547445
100 0.000314 0.649495 800.000000 25.723473
110 0.000762 0.318291 100.000000 22.222221
110 0.000850 0.359259 200.000000 23.809525
110 0.000703 0.494609 300.000000 24.793388
110 0.000565 0.555439 400.000000 25.157232
110 0.000472 0.593497 500.000000 25.510204
110 0.000411 0.623471 600.000000 25.641026
110 0.000377 0.641411 700.000000 25.830257
110 0.000298 0.674074 800.000000 25.889967
120 0.000664 0.313775 100.000000 22.727272
120 0.000879 0.392333 200.000000 24.096386
120 0.000655 0.522363 300.000000 25.210085
120 0.000517 0.573725 400.000000 25.477707
120 0.000444 0.620714 500.000000 25.773195
120 0.000384 0.623541 600.000000 25.862068
120 0.000345 0.646420 700.000000 25.925926
120 0.000270 0.693397 800.000000 25.974026
130 0.000861 0.327796 100.000000 23.255814
130 0.000929 0.445601 200.000000 24.691359
130 0.000643 0.583759 300.000000 25.423729
130 0.000511 0.628307 400.000000 25.641026
130 0.000442 0.644439 500.000000 25.906736
130 0.000384 0.649400 600.000000 25.974026
130 0.000327 0.674415 700.000000 26.119404
130 0.000260 0.703291 800.000000 26.143791
140 0.000860 0.356742 100.000000 23.809525
140 0.000819 0.511816 200.000000 25.000000
140 0.000539 0.610768 300.000000 25.641026
140 0.000437 0.623944 400.000000 25.974026
140 0.000378 0.657189 500.000000 26.041666
140 0.000347 0.666929 600.000000 26.086956
140 0.000274 0.710542 700.000000 26.217228
140 0.000213 0.715549 800.000000 26.229507
150 0.001276 0.362471 100.000000 23.809525
150 0.000836 0.540830 200.000000 25.641026
150 0.000555 0.627634 300.000000 25.862068
150 0.000432 0.623659 400.000000 26.143791
150 0.000364 0.665922 500.000000 26.178011
150 0.000322 0.681954 600.000000 26.200872
150 0.000251 0.715955 700.000000 26.315790
150 0.000204 0.705168 800.000000 26.315790
160 0.001271 0.439259 100.000000 25.000000
160 0.000741 0.635580 200.000000 25.974026
160 0.000506 0.670489 300.000000 26.086956
160 0.000404 0.657183 400.000000 26.315790
160 0.000339 0.687023 500.000000 26.315790
160 0.000306 0.694461 600.000000 26.315790
160 0.000225 0.736904 700.000000 26.415094
160 0.000179 0.711034 800.000000 26.402639
170 0.001034 0.566835 100.000000 25.641026
170 0.000560 0.695708 200.000000 26.315790
170 0.000426 0.719633 300.000000 26.315790
170 0.000374 0.717338 400.000000 26.315790
170 0.000331 0.709684 500.000000 26.455027
170 0.000281 0.733354 600.000000 26.431719
170 0.000196 0.766797 700.000000 26.415094
170 0.000139 0.751532 800.000000 26.490067
180 0.000847 0.661988 100.000000 25.641026
180 0.000466 0.740948 200.000000 26.315790
180 0.000357 0.711760 300.000000 26.548672
180 0.000331 0.741904 400.000000 26.490067
180 0.000334 0.734706 500.000000 26.455027
180 0.000242 0.762380 600.000000 26.548672
180 0.000149 0.776215 700.000000 26.515152
180 0.000119 0.767130 800.000000 26.490067
190 0.000650 0.733111 100.000000 26.315790
190 0.000554 0.769017 200.000000 26.315790
190 0.000376 0.717000 300.000000 26.548672
190 0.000350 0.746651 400.000000 26.490067
190 0.000353 0.749398 500.000000 26.455027
190 0.000229 0.778039 600.000000 26.548672
190 0.000121 0.757112 700.000000 26.515152
190 0.000084 0.773357 800.000000 26.490067
200 0.000366 0.819852 100.000000 26.315790
200 0.000450 0.809898 200.000000 26.315790
200 0.000358 0.768452 300.000000 26.548672
200 0.000322 0.762194 400.000000 26.490067
200 0.000324 0.756735 500.000000 26.455027
200 0.000179 0.796354 600.000000 26.431719
200 0.000048 0.747481 700.000000 26.515152
200 0.000066 0.783531 800.000000 26.402639
210 0.000083 0.960569 100.000000 25.641026
210 0.000212 0.818000 200.000000 26.315790
210 0.000252 0.777786 300.000000 26.315790
210 0.000263 0.754266 400.000000 26.490067
210 0.000221 0.775276 500.000000 26.455027
210 0.000095 0.810175 600.000000 26.431719
210 0.000058 0.774289 700.000000 26.415094
210 0.000118 0.773412 800.000000 26.402639
220 0.000452 0.863648 100.000000 25.641026
220 0.000282 0.752647 200.000000 26.315790
220 0.000305 0.774589 300.000000 26.315790
220 0.000349 0.748872 400.000000 26.315790
220 0.000218 0.777868 500.000000 26.455027
220 0.000083 0.797664 600.000000 26.431719
220 0.000062 0.779688 700.000000 26.415094
220 0.000098 0.712573 800.000000 26.315790
230 0.000674 0.744101 100.000000 25.641026
230 0.000384 0.744952 200.000000 26.315790
230 0.000335 0.754267 300.000000 26.315790
230 0.000369 0.752152 400.000000 26.315790
230 0.000193 0.782457 500.000000 26.455027
230 0.000057 0.760997 600.000000 26.431719
230 0.000066 0.782591 700.000000 26.415094
230 0.000104 0.705702 800.000000 26.315790
240 0.000491 0.719741 100.000000 25.641026
240 0.000358 0.749248 200.000000 25.974026
240 0.000338 0.742353 300.000000 26.315790
240 0.000328 0.746932 400.000000 26.315790
240 0.000151 0.779648 500.000000 26.315790
240 0.000015 0.751252 600.000000 26.431719
240 0.000103 0.776796 700.000000 26.315790
240 0.000150 0.697113 800.000000 26.229507
250 0.000326 0.668572 100.000000 25.641026
250 0.000345 0.745840 200.000000 25.974026
250 0.000347 0.689693 300.000000 26.315790
250 0.000244 0.738992 400.000000 26.315790
250 0.000084 0.766746 500.000000 26.315790
250 0.000096 0.768492 600.000000 26.315790
250 0.000160 0.737107 700.000000 26.315790
250 0.000210 0.685629 800.000000 26.229507
260 0.000182 0.658430 100.000000 25.641026
260 0.000141 0.705477 200.000000 25.974026
260 0.000240 0.701765 300.000000 26.315790
260 0.000099 0.780597 400.000000 26.315790
260 0.000050 0.773948 500.000000 26.315790
260 0.000189 0.784733 600.000000 26.315790
260 0.000210 0.697472 700.000000 26.315790
260 0.000297 0.681381 800.000000 26.143791
270 0.000143 0.681791 100.000000 25.641026
270 0.000162 0.754122 200.000000 25.974026
270 0.000261 0.733578 300.000000 26.315790
270 0.000065 0.792211 400.000000 26.315790
270 0.000097 0.728859 500.000000 26.315790
270 0.000203 0.771307 600.000000 26.315790
270 0.000212 0.708328 700.000000 26.217228
270 0.000313 0.681159 800.000000 26.143791
280 0.000229 0.690545 100.000000 25.641026
280 0.000282 0.723145 200.000000 25.974026
280 0.000257 0.716259 300.000000 26.315790
280 0.000057 0.793220 400.000000 26.315790
280 0.000135 0.757577 500.000000 26.315790
280 0.000206 0.721426 600.000000 26.315790
280 0.000245 0.692989 700.000000 26.217228
280 0.000316 0.658229 800.000000 26.058632
290 0.000356 0.709422 100.000000 25.641026
290 0.000402 0.664031 200.000000 25.974026
290 0.000219 0.771113 300.000000 26.315790
290 0.000031 0.792598 400.000000 26.315790
290 0.000188 0.767600 500.000000 26.315790
290 0.000231 0.722240 600.000000 26.200872
290 0.000293 0.673775 700.000000 26.119404
290 0.000311 0.641782 800.000000 26.058632
300 0.000337 0.825853 100.000000 25.641026
300 0.000408 0.790466 200.000000 25.974026
300 0.000150 0.851484 300.000000 26.315790
300 0.000052 0.824475 400.000000 26.315790
300 0.000214 0.805361 500.000000 26.315790
300 0.000238 0.698509 600.000000 26.200872
300 0.000319 0.711252 700.000000 26.119404
300 0.000328 0.658519 800.000000 26.058632
310 0.000228 0.718021 100.000000 25.641026
310 0.000336 0.749590 200.000000 25.974026
310 0.000045 0.828598 300.000000 26.086956
310 0.000166 0.767340 400.000000 26.315790
310 0.000276 0.791761 500.000000 26.178011
310 0.000281 0.673207 600.000000 26.200872
310 0.000375 0.651639 700.000000 26.022305
310 0.000357 0.635570 800.000000 26.058632
320 0.000346 0.691418 100.000000 25.641026
320 0.000231 0.769982 200.000000 25.974026
320 0.000047 0.836835 300.000000 26.086956
320 0.000264 0.786326 400.000000 26.315790
320 0.000323 0.765930 500.000000 26.178011
320 0.000352 0.693619 600.000000 26.086956
320 0.000391 0.655211 700.000000 26.022305
320 0.000369 0.637525 800.000000 26.058632
330 0.000531 0.708128 100.000000 25.641026
330 0.000145 0.835225 200.000000 25.974026
330 0.000120 0.806387 300.000000 26.086956
330 0.000322 0.761298 400.000000 26.143791
330 0.000335 0.667931 500.000000 26.178011
330 0.000411 0.671940 600.000000 26.086956
330 0.000404 0.638060 700.000000 26.022305
330 0.000376 0.632641 800.000000 26.058632
340 0.000462 0.762357 100.000000 25.641026
340 0.000054 0.815943 200.000000 25.974026
340 0.000207 0.769113 300.000000 26.086956
340 0.000362 0.804229 400.000000 26.143791
340 0.000364 0.679376 500.000000 26.178011
340 0.000448 0.675026 600.000000 25.974026
340 0.000427 0.622779 700.000000 26.022305
340 0.000381 0.638125 800.000000 26.058632
350 0.000364 0.732532 100.000000 25.641026
350 0.000109 0.864007 200.000000 25.974026
350 0.000342 0.749313 300.000000 26.086956
350 0.000420 0.802204 400.000000 26.143791
350 0.000415 0.663848 500.000000 26.041666
350 0.000494 0.647912 600.000000 25.974026
350 0.000443 0.629720 700.000000 25.925926
350 0.000384 0.631078 800.000000 26.143791
360 0.000086 0.857852 100.000000 25.641026
360 0.000242 0.923437 200.000000 25.974026
360 0.000483 0.798418 300.000000 26.086956
360 0.000497 0.791247 400.000000 26.143791
360 0.000502 0.700036 500.000000 26.041666
360 0.000512 0.632354 600.000000 25.862068
360 0.000468 0.631336 700.000000 26.022305
360 0.000394 0.639499 800.000000 26.143791
370 0.000335 0.959202 100.000000 25.641026
370 0.000462 0.930481 200.000000 25.974026
370 0.000618 0.840001 300.000000 26.086956
370 0.000551 0.696657 400.000000 25.974026
370 0.000611 0.663955 500.000000 25.906736
370 0.000565 0.643639 600.000000 25.862068
370 0.000508 0.650081 700.000000 26.022305
370 0.000427 0.655090 800.000000 26.143791
380 0.000502 0.898718 100.000000 25.641026
380 0.000562 0.774617 200.000000 25.974026
380 0.000644 0.819220 300.000000 26.086956
380 0.000575 0.662866 400.000000 25.974026
380 0.000657 0.638707 500.000000 25.906736
380 0.000581 0.591700 600.000000 25.862068
380 0.000501 0.620510 700.000000 26.022305
380 0.000419 0.633596 800.000000 26.143791
390 0.000561 0.975727 100.000000 25.641026
390 0.000698 0.790151 200.000000 25.974026
390 0.000673 0.822766 300.000000 26.086956
390 0.000621 0.663871 400.000000 25.974026
390 0.000644 0.652062 500.000000 25.773195
390 0.000574 0.621888 600.000000 25.862068
390 0.000492 0.633603 700.000000 26.022305
390 0.000403 0.643345 800.000000 26.143791
400 0.000553 0.949026 100.000000 25.641026
400 0.000771 0.771867 200.000000 25.974026
400 0.000703 0.741214 300.000000 25.862068
400 0.000666 0.641144 400.000000 25.806452
400 0.000616 0.594552 500.000000 25.773195
400 0.000550 0.589673 600.000000 25.862068
400 0.000455 0.612008 700.000000 26.119404
400 0.000340 0.628135 800.000000 26.229507
410 0.000646 0.662222 100.000000 25.641026
410 0.000766 0.744708 200.000000 25.974026
410 0.000629 0.612564 300.000000 25.862068
410 0.000684 0.578096 400.000000 25.806452
410 0.000618 0.558515 500.000000 25.773195
410 0.000528 0.576152 600.000000 25.974026
410 0.000438 0.597717 700.000000 26.119404
410 0.000298 0.611675 800.000000 26.229507
420 0.000710 0.556909 100.000000 25.641026
420 0.000741 0.759531 200.000000 25.641026
420 0.000560 0.567005 300.000000 25.862068
420 0.000691 0.585949 400.000000 25.641026
420 0.000599 0.518030 500.000000 25.773195
420 0.000495 0.567406 600.000000 25.974026
420 0.000400 0.588448 700.000000 26.119404
420 0.000317 0.600207 800.000000 26.143791
430 0.000880 0.713742 100.000000 25.641026
430 0.000740 0.622105 200.000000 25.641026
430 0.000654 0.589088 300.000000 25.641026
430 0.000679 0.532134 400.000000 25.641026
430 0.000576 0.545210 500.000000 25.773195
430 0.000482 0.574358 600.000000 25.974026
430 0.000373 0.590726 700.000000 26.119404
430 0.000350 0.601192 800.000000 26.143791
440 0.001001 0.663361 100.000000 25.641026
440 0.000745 0.531896 200.000000 25.641026
440 0.000707 0.528627 300.000000 25.641026
440 0.000637 0.491956 400.000000 25.641026
440 0.000553 0.541751 500.000000 25.773195
440 0.000438 0.566465 600.000000 26.086956
440 0.000318 0.584398 700.000000 26.119404
440 0.000342 0.596970 800.000000 26.143791
450 0.000883 0.859136 100.000000 25.000000
450 0.000620 0.546640 200.000000 25.641026
450 0.000675 0.575579 300.000000 25.641026
450 0.000611 0.512788 400.000000 25.641026
450 0.000498 0.544087 500.000000 25.773195
450 0.000399 0.574218 600.000000 26.086956
450 0.000262 0.595176 700.000000 26.119404
450 0.000327 0.615597 800.000000 26.058632
460 0.000745 0.964168 100.000000 25.000000
460 0.000534 0.526276 200.000000 25.316456
460 0.000686 0.511068 300.000000 25.423729
460 0.000566 0.533480 400.000000 25.641026
460 0.000447 0.559918 500.000000 25.906736
460 0.000341 0.585123 600.000000 26.086956
460 0.000277 0.599058 700.000000 26.119404
460 0.000308 0.632154 800.000000 25.974026
470 0.000525 0.399190 100.000000 25.000000
470 0.000552 0.411646 200.000000 25.316456
470 0.000585 0.426719 300.000000 25.423729
470 0.000488 0.439055 400.000000 25.641026
470 0.000384 0.507667 500.000000 25.906736
470 0.000283 0.540831 600.000000 26.086956
470 0.000273 0.558431 700.000000 26.119404
470 0.000288 0.604860 800.000000 25.889967
480 0.000430 0.414998 100.000000 25.000000
480 0.000577 0.492554 200.000000 25.316456
480 0.000524 0.449065 300.000000 25.423729
480 0.000442 0.493497 400.000000 25.641026
480 0.000327 0.527406 500.000000 26.041666
480 0.000212 0.556876 600.000000 26.086956
480 0.000254 0.576953 700.000000 26.119404
480 0.000285 0.611288 800.000000 25.806452
490 0.000345 0.231045 100.000000 25.000000
490 0.000593 0.444973 200.000000 25.316456
490 0.000515 0.368550 300.000000 25.423729
490 0.000416 0.467011 400.000000 25.806452
490 0.000310 0.512186 500.000000 26.041666
490 0.000181 0.537245 600.000000 26.200872
490 0.000254 0.574320 700.000000 26.022305
490 0.000298 0.598456 800.000000 25.723473
500 0.000352 0.045414 100.000000 25.000000
500 0.000655 0.356370 200.000000 25.000000
500 0.000486 0.386390 300.000000 25.423729
500 0.000380 0.460765 400.000000 25.806452
500 0.000261 0.504309 500.000000 26.041666
500 0.000212 0.527270 600.000000 26.200872
500 0.000253 0.586148 700.000000 25.925926
500 0.000316 0.603779 800.000000 25.559105
510 0.000512 0.313594 100.000000 25.000000
510 0.000597 0.313763 200.000000 25.000000
510 0.000460 0.407967 300.000000 25.423729
510 0.000335 0.470291 400.000000 25.974026
510 0.000233 0.521015 500.000000 26.178011
510 0.000244 0.548715 600.000000 26.086956
510 0.000253 0.595989 700.000000 25.830257
510 0.000330 0.606462 800.000000 25.396826
520 0.000794 0.594860 100.000000 24.390244
520 0.000591 0.496524 200.000000 25.000000
520 0.000456 0.553568 300.000000 25.641026
520 0.000315 0.607574 400.000000 25.974026
520 0.000180 0.608497 500.000000 26.178011
520 0.000238 0.634757 600.000000 26.086956
520 0.000280 0.653720 700.000000 25.735294
520 0.000358 0.664025 800.000000 25.236593
530 0.000875 0.652034 100.000000 24.390244
530 0.000593 0.464647 200.000000 25.000000
530 0.000427 0.547671 300.000000 25.641026
530 0.000299 0.592088 400.000000 25.974026
530 0.000164 0.604879 500.000000 26.178011
530 0.000236 0.640673 600.000000 26.086956
530 0.000294 0.660087 700.000000 25.641026
530 0.000381 0.684603 800.000000 25.078369
540 0.000947 0.592984 100.000000 24.390244
540 0.000535 0.507340 200.000000 25.316456
540 0.000371 0.560193 300.000000 25.862068
540 0.000234 0.598058 400.000000 26.143791
540 0.000199 0.615659 500.000000 26.178011
540 0.000237 0.658356 600.000000 25.974026
540 0.000315 0.668694 700.000000 25.454546
540 0.000412 0.690122 800.000000 24.844721
550 0.000672 0.358010 100.000000 24.390244
550 0.000418 0.493868 200.000000 25.316456
550 0.000268 0.546398 300.000000 26.086956
550 0.000168 0.589061 400.000000 26.315790
550 0.000190 0.610171 500.000000 26.178011
550 0.000211 0.662011 600.000000 25.862068
550 0.000304 0.659520 700.000000 25.362318
550 0.000435 0.692135 800.000000 24.464832
560 0.000406 0.404719 100.000000 24.390244
560 0.000301 0.551851 200.000000 25.641026
560 0.000195 0.604334 300.000000 26.086956
560 0.000162 0.615412 400.000000 26.315790
560 0.000155 0.640233 500.000000 26.178011
560 0.000208 0.668989 600.000000 25.751074
560 0.000304 0.672170 700.000000 25.179855
560 0.000470 0.685285 800.000000 24.024025
570 0.000326 0.271442 100.000000 25.000000
570 0.000226 0.491376 200.000000 25.974026
570 0.000153 0.568348 300.000000 26.315790
570 0.000162 0.590462 400.000000 26.315790
570 0.000138 0.631748 500.000000 26.178011
570 0.000210 0.655430 600.000000 25.641026
570 0.000318 0.691710 700.000000 25.000000
570 0.000463 0.655741 800.000000 23.598820
580 0.000195 0.471172 100.000000 25.000000
580 0.000156 0.567472 200.000000 25.974026
580 0.000148 0.599928 300.000000 26.315790
580 0.000128 0.618148 400.000000 26.490067
580 0.000123 0.682797 500.000000 26.041666
580 0.000216 0.681369 600.000000 25.531916
580 0.000346 0.705142 700.000000 24.734982
580 0.000401 0.652232 800.000000 23.054754
590 0.000185 0.627489 100.000000 25.641026
590 0.000156 0.646643 200.000000 26.315790
590 0.000210 0.666095 300.000000 26.548672
590 0.000122 0.676716 400.000000 26.315790
590 0.000134 0.722479 500.000000 26.041666
590 0.000246 0.719767 600.000000 25.316456
590 0.000408 0.741987 700.000000 24.305555
590 0.000525 0.657834 800.000000 22.662889
600 0.000226 0.761515 100.000000 25.641026
600 0.000139 0.711227 200.000000 26.315790
600 0.000283 0.689349 300.000000 26.548672
600 0.000115 0.707733 400.000000 26.315790
600 0.000175 0.723570 500.000000 25.773195
600 0.000291 0.723755 600.000000 25.104603
600 0.000483 0.729375 700.000000 23.809525
600 0.001287 0.638074 800.000000 22.222221
610 0.000149 0.722800 100.000000 25.641026
610 0.000133 0.708765 200.000000 26.666666
610 0.000244 0.692750 300.000000 26.548672
610 0.000107 0.726897 400.000000 26.143791
610 0.000188 0.737274 500.000000 25.641026
610 0.000327 0.757213 600.000000 24.793388
610 0.000473 0.706430 700.000000 23.178808
610 0.001446 0.596040 800.000000 21.798365
620 0.000143 0.708655 100.000000 26.315790
620 0.000183 0.686009 200.000000 26.666666
620 0.000137 0.679975 300.000000 26.548672
620 0.000117 0.738515 400.000000 25.974026
620 0.000233 0.739964 500.000000 25.380711
620 0.000390 0.757170 600.000000 24.390244
620 0.000430 0.680343 700.000000 22.653721
620 0.001491 0.545369 800.000000 21.505377
630 0.000239 0.743422 100.000000 26.315790
630 0.000359 0.719224 200.000000 26.666666
630 0.000130 0.704637 300.000000 26.315790
630 0.000139 0.740298 400.000000 25.806452
630 0.000275 0.745292 500.000000 25.000000
630 0.000468 0.762960 600.000000 23.904383
630 0.000832 0.663653 700.000000 22.082020
640 0.000217 0.710945 100.000000 26.315790
640 0.000448 0.684210 200.000000 26.666666
640 0.000092 0.727669 300.000000 26.086956
640 0.000177 0.749072 400.000000 25.477707
640 0.000326 0.744504 500.000000 24.752476
640 0.000544 0.731786 600.000000 23.166023
640 0.001518 0.620083 700.000000 21.538462
650 0.000227 0.694802 100.000000 26.315790
650 0.000274 0.675974 200.000000 26.315790
650 0.000100 0.745118 300.000000 25.862068
650 0.000244 0.737652 400.000000 25.157232
650 0.000403 0.765039 500.000000 24.271845
650 0.000542 0.699150 600.000000 22.471910
650 0.001676 0.564765 700.000000 21.084337
660 0.000366 0.657453 100.000000 26.315790
660 0.000185 0.674064 200.000000 25.974026
660 0.000162 0.733312 300.000000 25.641026
660 0.000306 0.759780 400.000000 24.844721
660 0.000490 0.767360 500.000000 23.809525
660 0.000484 0.668690 600.000000 21.818182
660 0.001748 0.505708 700.000000 20.771513
670 0.000369 0.709166 100.000000 25.641026
670 0.000142 0.698721 200.000000 25.974026
670 0.000238 0.767054 300.000000 25.210085
670 0.000403 0.757050 400.000000 24.390244
670 0.000628 0.759008 500.000000 23.041475
670 0.001387 0.639779 600.000000 21.201414
680 0.000668 0.639238 100.000000 25.641026
680 0.000131 0.715895 200.000000 25.641026
680 0.000289 0.744416 300.000000 24.793388
680 0.000463 0.763058 400.000000 23.952095
680 0.000672 0.715771 500.000000 22.222221
680 0.001860 0.584024 600.000000 20.689655
690 0.000197 0.644422 100.000000 25.641026
690 0.000224 0.783800 200.000000 25.316456
690 0.000415 0.778889 300.000000 24.390244
690 0.000584 0.784159 400.000000 23.529411
690 0.000642 0.687195 500.000000 21.459227
690 0.002025 0.525606 600.000000 20.202021
700 0.000321 0.705286 100.000000 25.000000
700 0.000327 0.794178 200.000000 24.691359
700 0.000512 0.760071 300.000000 24.000000
700 0.000713 0.790049 400.000000 22.857143
700 0.000559 0.656755 500.000000 20.833334
710 0.000648 0.787586 100.000000 25.000000
710 0.000613 0.779475 200.000000 24.390244
710 0.000709 0.766755 300.000000 23.622047
710 0.000932 0.775063 400.000000 21.978022
710 0.002041 0.620721 500.000000 20.161291
720 0.000801 0.813168 100.000000 24.390244
720 0.000754 0.792842 200.000000 23.809525
720 0.000823 0.831525 300.000000 23.076923
720 0.000978 0.723096 400.000000 21.164021
720 0.002431 0.556986 500.000000 19.607843
730 0.000500 0.944044 100.000000 23.809525
730 0.000652 0.810171 200.000000 23.529411
730 0.000809 0.822584 300.000000 22.556391
730 0.000797 0.685668 400.000000 20.304569
730 0.002448 0.489812 500.000000 19.230770
740 0.000361 0.923641 100.000000 23.809525
740 0.000643 0.816848 200.000000 22.988506
740 0.000888 0.835962 300.000000 21.739130
740 0.001028 0.645751 400.000000 19.704433
750 0.000602 0.816300 100.000000 23.255814
750 0.000760 0.773360 200.000000 22.471910
750 0.001048 0.769812 300.000000 20.833334
750 0.002555 0.586014 400.000000 19.047619
760 0.000712 0.777757 100.000000 22.727272
760 0.000858 0.834436 200.000000 21.978022
760 0.001035 0.697321 300.000000 20.000000
760 0.002844 0.509569 400.000000 18.604650
770 0.000821 0.745209 100.000000 22.222221
770 0.000973 0.795898 200.000000 21.505377
770 0.000908 0.623537 300.000000 19.230770
770 0.002943 0.418037 400.000000 18.181818
780 0.000911 0.723380 100.000000 21.739130
780 0.001113 0.811662 200.000000 20.833334
780 0.001070 0.579596 300.000000 18.518518
790 0.000980 0.716019 100.000000 21.276596
790 0.001297 0.742942 200.000000 19.801981
790 0.002949 0.529480 300.000000 17.964071
800 0.001010 0.867869 100.000000 20.833334
800 0.001263 0.681779 200.000000 18.867924
800 0.003539 0.470268 300.000000 17.441860
810 0.001132 0.821674 100.000000 20.408163
810 0.001079 0.597857 200.000000 18.018019
810 0.003663 0.401310 300.000000 17.142857
820 0.001294 0.811292 100.000000 19.607843
820 0.001005 0.512092 200.000000 17.241379
820 0.003743 0.338046 300.000000 16.853933
830 0.001501 0.872747 100.000000 18.518518
830 0.002900 0.523793 200.000000 16.666666
840 0.001658 0.726845 100.000000 17.241379
840 0.004824 0.468751 200.000000 16.129032
850 0.001435 0.447359 100.000000 16.393442
850 0.004938 0.403470 200.000000 15.873015
860 0.001026 0.332796 100.000000 15.625000
860 0.005032 0.422199 200.000000 15.625000
870 0.000863 0.325566 100.000000 14.925373
870 0.005039 0.486114 200.000000 15.503876
880 0.003763 0.434464 100.000000 14.705882
890 0.006879 0.578700 100.000000 14.705882
900 0.007988 0.715151 100.000000 14.925373
910 0.008741 0.802561 100.000000 14.925373
920 0.009344 0.830121 100.000000 15.384615
930 0.009581 0.866489 100.000000 15.625000
