0.000000 0.000000 0.000000 0.000000
-0.041803 3.575628 0.037255 3.553257
-0.083626 7.152769 0.047684 8.004741
-0.125431 10.728320 0.259709 10.978320
-0.167141 14.303480 0.401031 14.311550
-0.208176 17.881040 0.622601 16.648120
-0.253156 21.464680 0.311627 20.055690
-0.307115 25.046840 0.655918 21.894230
-0.367798 28.637120 0.243166 25.308820
-0.435716 32.231930 0.273186 27.965940
-0.509819 35.812560 0.227375 31.297240
-0.590462 39.405490 0.125977 33.661980
-0.675668 42.995920 -0.241307 37.686310
-0.761728 46.596120 0.170019 40.503640
-0.822002 50.203480 0.224644 44.820550
-0.875378 53.811250 0.653315 47.409770
-0.933231 57.427770 0.263783 50.198520
-1.006715 61.042090 0.037123 53.668850
-1.078473 64.647550 0.394489 55.768180
-1.157680 68.241070 0.442844 58.502620
-1.243226 71.816000 0.416571 61.030090
-1.310252 75.365540 0.504055 64.159800
-1.337950 78.894600 0.245796 67.847980
-1.335651 82.399130 0.315508 70.429700
-1.292993 85.876960 0.048152 74.438020
-1.216671 89.333360 -0.097539 77.777320
-1.101750 92.791290 -0.104787 80.483510
-0.953966 96.255380 0.017175 83.412220
-0.782045 99.739680 0.130919 86.906110
-0.607718 103.278800 0.536733 90.837430
-0.448327 106.867200 1.062294 94.567600
-0.329075 110.491600 1.889668 99.192730
-0.253779 114.142500 1.650801 102.163300
-0.232571 117.811600 1.406566 105.753800
-0.256232 121.501300 1.117561 109.627800
-0.297015 125.224100 0.928107 114.573900
-0.353204 128.969900 0.699040 118.490300
-0.397623 132.733500 0.110916 124.839600
-0.443887 136.522600 0.326738 129.187100
-0.490815 140.330600 0.612202 133.157700
-0.550146 144.153000 1.055104 137.869000
-0.601569 147.961100 0.052427 141.119200
-0.649286 151.756200 -0.204737 144.493000
-0.703475 155.553300 -0.246719 147.767000
-0.758140 159.342200 -0.092347 151.194900
-0.821014 163.126200 -0.171207 156.175700
-0.891591 166.914300 -0.286234 159.768900
-0.968255 170.704700 -0.573426 164.024700
-1.053647 174.498300 -0.602669 167.471800
-1.140940 178.289100 -0.605816 171.525300
-1.220912 182.072200 -0.612620 175.716900
-1.311919 185.843100 -1.137160 179.699000
-1.400872 189.585600 -0.879789 181.878700
-1.482347 193.303500 -1.392234 185.106200
-1.543340 196.981600 -1.059564 188.970900
-1.593225 200.619200 -1.432762 192.359400
-1.629855 204.203300 -1.556177 195.991700
-1.655974 207.709400 -1.794599 199.362300
-1.680916 211.093700 -1.877526 202.491800
-1.717659 214.345300 -1.881800 205.953500
-1.758097 217.485400 -2.085266 208.852200
-1.820190 220.495000 -2.127240 211.563700
-1.900504 223.322800 -2.136164 214.907700
-1.999321 225.946200 -1.750652 218.188200
-2.113952 228.382000 -2.139535 221.370600
-2.215172 230.657700 -1.970862 223.569700
-2.309140 232.838300 -2.137381 225.587900
-2.389577 234.991500 -2.446885 228.131700
-2.458270 237.111600 -2.590000 230.683300
-2.501543 239.199900 -2.743123 233.139500
-2.528203 241.263900 -2.943366 235.268200
-2.543393 243.355900 -3.155588 236.659200
-2.546619 245.471500 -3.063834 237.204800
-2.542056 247.635900 -3.035452 240.272900
-2.540944 249.857300 -3.435811 241.947000
-2.529475 252.145000 -3.478971 244.035700
-2.522827 254.510700 -3.467008 244.931400
-2.495854 256.929600 -3.778363 247.848900
-2.426274 259.429500 -3.739281 249.817400
-2.347909 261.939800 -3.993145 254.557700
-2.249292 264.463100 -3.669958 257.609800
-2.120601 266.988600 -3.597420 259.634600
-1.972336 269.529300 -3.854042 261.505600
-1.829452 272.089100 -3.936645 263.522800
-1.700845 274.651100 -4.184856 265.786200
-1.585579 277.203700 -4.180372 267.815200
-1.489305 279.735400 -4.384807 270.364700
-1.431895 282.203100 -4.498456 272.785400
-1.411252 284.555300 -4.889794 273.577900
-1.423417 286.744000 -5.333498 275.223600
-1.477649 288.751100 -5.916094 277.057700
-1.597157 290.628100 -6.568266 278.706500
-1.834488 292.379000 -7.635435 279.837500
-2.209538 293.998100 -8.730710 280.560000
-2.739392 295.466700 -9.407329 282.309900
-3.425572 296.782800 -11.860110 277.036800
-4.268559 297.943900 -13.384760 274.503100
-5.270323 298.869400 -13.949380 274.736800
-6.404391 299.609200 -14.543450 275.901600
-7.620091 300.061900 -15.006140 277.722600
-8.849753 300.287300 -15.709540 277.111000
-10.136050 300.271200 -16.571790 276.700000
-11.487940 299.994100 -17.607290 276.367900
-12.859800 299.433800 -19.168090 276.360200
-14.212510 298.521900 -20.321570 275.304300
-15.569170 297.360100 -21.758040 274.141200
-16.903920 295.876600 -23.369430 273.187600
-18.123430 294.046700 -24.455330 271.951700
-19.213810 291.862500 -25.746160 270.083200
-20.129220 289.390500 -26.402190 268.256700
-20.811550 286.620800 -27.305220 265.957900
-21.226910 283.593100 -27.794850 261.758700
-21.383580 280.311200 -28.190690 259.505800
-21.289760 276.829500 -29.032870 255.525900
-21.001900 273.207500 -28.559380 252.927200
-20.665910 269.427900 -29.298860 248.482000
-20.345860 265.509700 -29.565400 246.373800
-20.070850 261.517300 -30.507530 243.525100
-19.855300 257.511300 -30.933320 240.071900
-19.703440 253.474600 -31.434420 236.556600
-19.613680 249.416200 -32.154430 231.966400
-19.551340 245.338200 -33.061300 228.885200
-19.513830 241.222400 -33.614720 224.527200
-19.480990 237.073200 -34.092630 219.827300
-19.430400 232.892800 -34.586830 217.211900
-19.355550 228.687700 -35.411030 213.825500
-19.288210 224.454100 -35.826070 210.413700
-19.214900 220.186300 -36.489040 206.250900
-19.140510 215.891500 -37.095250 202.748000
-19.053200 211.570300 -37.665460 199.832000
-18.960210 207.218600 -38.590440 195.281700
-18.864760 202.831800 -39.280010 191.775400
-18.780810 198.440400 -39.701790 188.409600
-18.697180 194.055600 -40.734640 184.228600
-18.628490 189.691500 -41.009910 180.064300
-18.576860 185.352500 -41.542450 176.677600
-18.533400 181.031600 -42.384550 173.172000
-18.510720 176.750700 -43.130470 169.812200
-18.518290 172.537500 -44.154950 166.368000
-18.551690 168.447100 -45.122310 163.356800
-18.605030 164.539000 -46.854750 159.567300
-18.662110 160.837100 -47.829520 156.352200
-18.717150 157.359800 -48.608850 152.603700
-18.762310 154.117300 -49.046750 150.247600
-18.804370 151.111100 -49.734280 147.119000
-18.837660 148.339300 -50.165110 144.504900
-18.862790 145.753800 -50.782010 141.234400
-18.886270 143.302400 -51.207850 139.290800
-18.908720 140.992900 -51.965340 137.266100
-18.926770 138.765400 -52.513900 135.279700
-18.954640 136.621400 -52.977210 133.124800
-18.979110 134.516900 -53.863160 130.778300
-19.003890 132.428600 -54.394450 128.465900
-19.011690 130.377400 -54.674310 125.636400
-19.029680 128.286700 -54.670610 122.200100
-19.040930 126.090400 -55.144350 120.053200
-19.033980 123.792800 -56.254100 118.151100
-19.007880 121.337200 -57.237130 114.864400
-18.962360 118.740400 -57.961910 113.164200
-18.881640 115.984300 -58.577580 110.409800
-18.762610 113.072100 -58.960080 106.914400
-18.592730 110.010400 -59.380270 103.815000
-18.389740 106.796500 -60.074200 99.823200
-18.187250 103.411100 -60.437970 96.287430
-17.972000 99.881710 -61.444140 93.792590
-17.753740 96.208550 -62.572210 90.748540
-17.543660 92.393230 -62.997710 87.257970
-17.350650 88.454130 -63.554570 84.349440
-17.188340 84.351710 -64.468470 79.976650
-17.048280 80.126460 -65.240460 77.082800
-16.938900 75.757520 -65.560240 72.677030
-16.844870 71.334520 -66.629320 69.212650
-16.779170 66.924620 -67.143300 63.814190
-16.723740 62.522540 -67.744090 60.086100
-16.677280 58.118530 -68.470600 56.751430
-16.622860 53.735190 -69.172180 54.506960
-16.554460 49.366830 -70.059680 49.522300
-16.478250 45.013820 -70.635620 47.479110
-16.401830 40.697890 -71.726500 42.718610
-16.332450 36.396840 -72.389470 38.813630
-16.264000 32.124710 -73.374180 34.774930
-16.212760 27.867600 -73.855190 33.452030
-16.153630 23.646100 -73.681820 27.831750
-16.100440 19.472550 -74.488600 24.086780
-16.057300 15.332990 -75.154950 19.766750
-15.999870 11.221520 -75.715460 16.734190
-15.957640 7.122797 -76.656040 12.060670
-15.925900 3.038918 -78.069150 11.586340
-15.871210 -1.063172 -79.338700 9.456913
-15.823200 -5.192326 -80.259620 5.657355
-15.773900 -9.357139 -81.330410 0.933643
-15.722330 -13.547460 -81.839940 -1.913287
-15.675190 -17.764350 -82.967300 -7.723187
-15.629860 -22.003930 -84.188690 -12.434850
-15.590270 -26.267830 -84.645760 -13.409670
-15.536760 -30.547830 -86.114790 -17.799160
-15.493260 -34.819990 -86.423930 -20.659940
-15.444100 -39.082170 -87.302330 -24.193410
-15.392450 -43.322590 -88.125210 -28.018410
-15.337830 -47.537950 -88.602880 -30.603490
-15.276960 -51.748500 -89.405080 -34.713930
-15.217710 -55.949500 -90.679600 -40.158860
-15.170080 -60.150690 -91.203160 -42.151920
-15.128010 -64.350760 -91.414060 -44.316560
-15.091410 -68.538780 -92.787670 -48.881950
-15.064380 -72.708390 -93.599350 -53.284590
-15.030840 -76.856420 -94.188140 -56.362360
-14.979300 -80.953600 -94.659850 -60.078520
-14.924670 -85.034950 -95.347530 -62.376780
-14.873980 -89.070400 -96.578820 -67.023470
-14.824260 -93.076720 -97.536670 -71.520680
-14.787030 -97.045510 -98.082490 -74.316550
-14.758540 -100.983800 -98.647820 -77.439560
-14.739600 -104.892000 -99.131170 -80.035170
-14.728240 -108.762900 -99.958760 -84.978200
-14.724790 -112.605400 -100.279400 -87.158720
-14.717800 -116.411100 -100.811100 -89.365300
-14.709830 -120.173400 -102.245700 -95.696900
-14.700540 -123.867100 -103.097400 -98.325970
-14.698520 -127.485200 -103.282700 -100.849700
-14.712330 -131.008900 -104.018400 -104.277700
-14.733340 -134.417400 -104.537300 -106.170800
-14.752330 -137.654200 -105.758800 -109.043900
-14.773570 -140.676300 -107.270800 -113.606800
-14.808450 -143.452200 -107.878300 -116.961100
-14.818770 -145.963300 -108.765400 -119.994600
-14.688160 -148.224500 -108.399600 -121.502300
-14.364200 -150.225000 -107.663600 -123.230100
-13.833420 -151.950400 -106.378300 -124.356300
-13.082430 -153.424000 -105.059300 -123.982800
-12.093300 -154.666400 -103.945600 -123.170000
-10.901070 -155.630100 -103.189500 -123.204800
-9.567123 -156.277800 -103.364700 -127.587200
-8.174402 -156.635100 -103.527400 -130.586900
-6.734167 -156.651000 -103.652900 -132.375500
-5.261917 -156.393600 -103.744600 -131.165400
-3.838336 -155.807800 -102.964900 -130.888500
-2.480572 -154.890600 -101.568900 -131.904900
-1.268487 -153.640100 -99.717860 -132.830200
-0.226137 -152.060600 -99.014570 -130.803700
0.552355 -150.216600 -97.984010 -130.021300
1.048250 -148.112500 -97.055950 -128.713900
1.348496 -145.760400 -95.844670 -126.750300
1.463451 -143.197700 -94.407590 -124.203400
1.471319 -140.450900 -93.124250 -121.099400
1.499366 -137.518100 -91.435510 -117.756900
1.504501 -134.421900 -90.412750 -115.859300
1.498560 -131.160300 -89.103440 -112.267100
1.470024 -127.744100 -87.629260 -109.172500
1.436723 -124.185000 -85.981610 -105.424600
1.413177 -120.491700 -84.737470 -102.935200
1.405768 -116.657200 -83.321300 -99.596010
1.385028 -112.695000 -81.921710 -96.464160
1.330549 -108.592800 -80.375400 -92.816440
1.259616 -104.367900 -78.641880 -89.160320
1.170075 -100.007600 -76.664070 -84.385800
1.089274 -95.515710 -75.091980 -81.043760
1.009148 -90.982260 -73.119670 -73.601350
0.939998 -86.466900 -71.717000 -70.852040
0.883448 -81.949500 -69.545440 -66.405570
0.838174 -77.439600 -67.889240 -62.464600
0.800315 -72.936360 -65.773220 -58.915290
0.745043 -68.462600 -64.088780 -54.617290
0.694630 -64.005150 -62.307900 -49.243880
0.637038 -59.575570 -60.789000 -45.632620
0.557118 -55.160600 -59.171200 -41.542650
0.456132 -50.778540 -57.503570 -38.099740
0.362164 -46.417970 -56.249300 -34.249970
0.280628 -42.079120 -54.471090 -30.633840
0.202969 -37.762520 -53.162750 -27.592040
0.132669 -33.463810 -51.284110 -23.669460
0.084829 -29.193990 -49.649870 -19.859190
0.052569 -24.947680 -47.480130 -16.288090
0.032329 -20.738440 -45.752400 -10.985870
0.025161 -16.550260 -44.091990 -7.903356
0.021588 -12.403820 -42.273980 -3.853143
-0.000537 -8.285137 -40.640280 0.150901
-0.031141 -4.183286 -39.216460 2.346600
-0.072897 -0.090700 -36.776380 7.494771
-0.117565 3.988036 -35.386120 11.917120
-0.160177 8.059835 -33.589220 15.408010
-0.208154 12.123170 -32.019790 18.807180
-0.248220 16.180930 -29.881250 23.567630
-0.283357 20.233300 -28.650550 27.201890
-0.323376 24.273080 -27.225240 30.034380
-0.367457 28.293060 -26.230750 33.307890
-0.413998 32.282480 -25.030690 35.507890
-0.451537 36.243360 -22.749000 40.396220
-0.483912 40.173770 -21.488200 42.370680
-0.534623 44.076020 -19.657500 46.415870
-0.599992 47.961110 -18.152490 49.483350
-0.674006 51.810410 -16.417380 52.055150
-0.762477 55.629480 -15.270800 56.169330
-0.859787 59.434080 -14.218170 59.290330
-0.962179 63.207400 -12.840980 63.405680
-1.068654 66.953700 -11.409570 65.800640
-1.188155 70.668750 -10.335180 68.719180
-1.293464 74.341090 -9.057591 71.828390
-1.359396 77.886940 -7.721118 75.504140
-1.402951 81.267680 -6.741338 77.848370
-1.402636 84.557510 -5.579169 81.614660
-1.391329 87.836530 -4.109099 85.775150
-1.372397 91.075680 -2.975672 88.118230
-1.348852 94.282140 -1.887554 91.233800
-1.346362 97.452060 -0.514601 94.220890
-1.397412 100.636400 1.398645 98.451260
-1.507808 103.868200 2.792940 101.825400
-1.686244 107.147500 4.209992 104.695800
-1.855701 110.482100 6.282370 108.060300
-1.949092 113.881100 7.920275 111.740900
-1.940135 117.341400 9.097042 115.494300
-1.833080 120.865900 10.697260 118.884100
-1.665951 124.465900 12.518170 122.675400
-1.454190 128.142800 14.482860 126.613100
-1.212752 131.910500 16.153660 129.991600
-0.998254 135.780800 18.044010 133.487900
-0.860070 139.749100 19.968310 137.584200
-0.808213 143.817500 23.205310 141.967900
-0.818199 147.962100 24.161490 146.706100
-0.863698 152.201700 25.328460 149.809900
-0.925229 156.508200 26.978790 153.774800
-1.007339 160.831700 29.258380 157.597800
-1.112662 165.144700 30.667980 160.954900
-1.225583 169.454500 32.513670 165.254900
-1.333194 173.746700 33.720090 168.140700
-1.427528 178.011200 35.435730 171.984600
-1.498241 182.250200 37.728020 176.655200
-1.559212 186.455600 38.994980 180.163000
-1.603074 190.634400 39.183470 183.199500
-1.633867 194.776400 41.025350 186.728000
-1.669867 198.889600 42.337090 190.871200
-1.705984 202.969800 43.306280 193.780400
-1.737778 207.012200 44.633000 196.740900
-1.768399 211.025100 45.986420 200.585900
-1.802728 214.966700 47.168940 203.568500
-1.842513 218.742600 47.897160 206.434600
-1.895168 222.285200 49.175060 209.450200
-1.971966 225.567200 51.154500 212.749000
-2.073778 228.574200 51.731760 214.956200
-2.174190 231.286800 53.816800 217.854000
-2.280068 233.718900 54.424330 220.321800
-2.372559 236.037200 55.091430 222.617300
-2.421540 238.338400 55.820700 224.752500
-2.457471 240.613800 56.587040 226.839500
-2.477940 242.858500 57.260410 228.559500
-2.487604 245.075200 57.836750 230.967100
-2.497272 247.315700 58.336030 233.497000
-2.506486 249.599100 59.016950 234.637400
-2.503453 251.921600 59.789180 235.940800
-2.498934 254.303700 60.650290 237.817400
-2.475778 256.706800 61.404240 240.506800
-2.418788 259.175900 62.056690 242.298900
-2.357178 261.687800 62.609690 246.235700
-2.278446 264.282700 63.221450 248.307600
-2.181048 266.960400 64.078330 250.345900
-2.072995 269.711700 64.665040 252.639700
-1.977183 272.515600 64.738690 254.044100
-1.903306 275.322000 65.471240 256.207800
-1.860171 278.121700 66.107320 260.224200
-1.834878 280.906700 66.921200 262.509600
-1.820378 283.662600 67.816530 265.650600
-1.821293 286.355900 67.926250 267.370200
-1.835812 288.890500 69.088630 269.988000
-1.843827 291.365700 70.125940 272.925000
-1.840209 293.812200 70.531140 274.588200
-1.823832 296.231700 71.054550 277.407900
-1.812035 298.624300 72.278280 280.285300
